Product Name,Product Link,Image URL,Price,Original Price
PEORA,https://www.amazon.in/sspa/click?ie=UTF8&spc=MToxMzg2Njk0ODM4MzI0MTAwOjE3NDc3MzYyODM6c3BfYXRmOjMwMDE5Mzk3MjEzMDAzMjo6MDo6&url=%2FPeora-Wedding-Handmade-Handbags-C01BL%2Fdp%2FB09H2R5KJG%2Fref%3Dsr_1_1_sspa%3Fdib%3DeyJ2IjoiMSJ9.aIjDzUlWZgXEMSFUtwXeIyxf9P9wAgKIrw_-Cgh3J710zu5Pyh2K_GB2mpCltgIJD09-tGVB67j5iOxKMe7A0uIvHKZif37qd8oablpgbII_j70c-M4aMDwzpqQR3hK604XBqflPRP_hP-ofBWDV1u7dt88IYzlnvFCjoZs5mAbrZIt86AFlOS_Hv7TM4UmkgCvEYEn4DYCM7EaeOQX0rbyfNX2dMJt1_7_gerPPPACfgFcK9CmSpdZpy-pJDTJvD506UIh4SO8mRecGkTXrtsmBD_T1-pNsfVFT2CoM5IQ.ex02NEUvmvdDEkvFGAui_SaRp82sC5DyA4Jkos8DBSQ%26dib_tag%3Dse%26keywords%3Dclutches%26qid%3D1747736282%26sr%3D8-1-spons%26sp_csd%3Dd2lkZ2V0TmFtZT1zcF9hdGY%26psc%3D1,https://m.media-amazon.com/images/I/71ZK-LoMtUL._AC_UL320_.jpg,"₹1,595","₹6,245"
MOCA,https://www.amazon.in/sspa/click?ie=UTF8&spc=MToxMzg2Njk0ODM4MzI0MTAwOjE3NDc3MzYyODM6c3BfYXRmOjMwMDA2Njk1ODg2NjkzMjo6MDo6&url=%2FMOCA-Womens-wallet-Mobile-Crossbody%2Fdp%2FB0BG8FCK9B%2Fref%3Dsr_1_2_sspa%3Fdib%3DeyJ2IjoiMSJ9.aIjDzUlWZgXEMSFUtwXeIyxf9P9wAgKIrw_-Cgh3J710zu5Pyh2K_GB2mpCltgIJD09-tGVB67j5iOxKMe7A0uIvHKZif37qd8oablpgbII_j70c-M4aMDwzpqQR3hK604XBqflPRP_hP-ofBWDV1u7dt88IYzlnvFCjoZs5mAbrZIt86AFlOS_Hv7TM4UmkgCvEYEn4DYCM7EaeOQX0rbyfNX2dMJt1_7_gerPPPACfgFcK9CmSpdZpy-pJDTJvD506UIh4SO8mRecGkTXrtsmBD_T1-pNsfVFT2CoM5IQ.ex02NEUvmvdDEkvFGAui_SaRp82sC5DyA4Jkos8DBSQ%26dib_tag%3Dse%26keywords%3Dclutches%26qid%3D1747736282%26sr%3D8-2-spons%26sp_csd%3Dd2lkZ2V0TmFtZT1zcF9hdGY%26psc%3D1,https://m.media-amazon.com/images/I/41iPiRJhC3L._AC_UL320_.jpg,₹599,"₹1,999"
Lavie,https://www.amazon.in/sspa/click?ie=UTF8&spc=MToxMzg2Njk0ODM4MzI0MTAwOjE3NDc3MzYyODM6c3BfYXRmOjMwMDA0ODMzNDAxMjYzMjo6MDo6&url=%2FLavie-womens-Spark-Envelope-Clutch%2Fdp%2FB0C77M475Q%2Fref%3Dsr_1_3_sspa%3Fdib%3DeyJ2IjoiMSJ9.aIjDzUlWZgXEMSFUtwXeIyxf9P9wAgKIrw_-Cgh3J710zu5Pyh2K_GB2mpCltgIJD09-tGVB67j5iOxKMe7A0uIvHKZif37qd8oablpgbII_j70c-M4aMDwzpqQR3hK604XBqflPRP_hP-ofBWDV1u7dt88IYzlnvFCjoZs5mAbrZIt86AFlOS_Hv7TM4UmkgCvEYEn4DYCM7EaeOQX0rbyfNX2dMJt1_7_gerPPPACfgFcK9CmSpdZpy-pJDTJvD506UIh4SO8mRecGkTXrtsmBD_T1-pNsfVFT2CoM5IQ.ex02NEUvmvdDEkvFGAui_SaRp82sC5DyA4Jkos8DBSQ%26dib_tag%3Dse%26keywords%3Dclutches%26qid%3D1747736282%26sr%3D8-3-spons%26sp_csd%3Dd2lkZ2V0TmFtZT1zcF9hdGY%26psc%3D1,https://m.media-amazon.com/images/I/81J5PoaPn5L._AC_UL320_.jpg,₹598,"₹1,999"
Lavie,https://www.amazon.in/sspa/click?ie=UTF8&spc=MToxMzg2Njk0ODM4MzI0MTAwOjE3NDc3MzYyODM6c3BfYXRmOjIwMDczNzczMDk2NDA2OjowOjo&url=%2FLavie-Oval-Framed-Womens-Clutch%2Fdp%2FB094J5JLN9%2Fref%3Dsr_1_4_sspa%3Fdib%3DeyJ2IjoiMSJ9.aIjDzUlWZgXEMSFUtwXeIyxf9P9wAgKIrw_-Cgh3J710zu5Pyh2K_GB2mpCltgIJD09-tGVB67j5iOxKMe7A0uIvHKZif37qd8oablpgbII_j70c-M4aMDwzpqQR3hK604XBqflPRP_hP-ofBWDV1u7dt88IYzlnvFCjoZs5mAbrZIt86AFlOS_Hv7TM4UmkgCvEYEn4DYCM7EaeOQX0rbyfNX2dMJt1_7_gerPPPACfgFcK9CmSpdZpy-pJDTJvD506UIh4SO8mRecGkTXrtsmBD_T1-pNsfVFT2CoM5IQ.ex02NEUvmvdDEkvFGAui_SaRp82sC5DyA4Jkos8DBSQ%26dib_tag%3Dse%26keywords%3Dclutches%26qid%3D1747736282%26sr%3D8-4-spons%26sp_csd%3Dd2lkZ2V0TmFtZT1zcF9hdGY%26psc%3D1,https://m.media-amazon.com/images/I/718Oh-VUpJL._AC_UL320_.jpg,₹625,"₹2,499"
Lyrovo,https://www.amazon.in/Lyrovo-Clutches-Handbags-Crossbody-Cocktail/dp/B0F6TZ572V/ref=sr_1_5?dib=eyJ2IjoiMSJ9.aIjDzUlWZgXEMSFUtwXeIyxf9P9wAgKIrw_-Cgh3J710zu5Pyh2K_GB2mpCltgIJD09-tGVB67j5iOxKMe7A0uIvHKZif37qd8oablpgbII_j70c-M4aMDwzpqQR3hK604XBqflPRP_hP-ofBWDV1u7dt88IYzlnvFCjoZs5mAbrZIt86AFlOS_Hv7TM4UmkgCvEYEn4DYCM7EaeOQX0rbyfNX2dMJt1_7_gerPPPACfgFcK9CmSpdZpy-pJDTJvD506UIh4SO8mRecGkTXrtsmBD_T1-pNsfVFT2CoM5IQ.ex02NEUvmvdDEkvFGAui_SaRp82sC5DyA4Jkos8DBSQ&dib_tag=se&keywords=clutches&qid=1747736282&sr=8-5,https://m.media-amazon.com/images/I/61Qn7SrsJJL._AC_UL320_.jpg,₹599,₹999
Lavie,https://www.amazon.in/Lavie-Womens-Framed-Clutch-Ladies/dp/B0DZBRBLHT/ref=sr_1_6?dib=eyJ2IjoiMSJ9.aIjDzUlWZgXEMSFUtwXeIyxf9P9wAgKIrw_-Cgh3J710zu5Pyh2K_GB2mpCltgIJD09-tGVB67j5iOxKMe7A0uIvHKZif37qd8oablpgbII_j70c-M4aMDwzpqQR3hK604XBqflPRP_hP-ofBWDV1u7dt88IYzlnvFCjoZs5mAbrZIt86AFlOS_Hv7TM4UmkgCvEYEn4DYCM7EaeOQX0rbyfNX2dMJt1_7_gerPPPACfgFcK9CmSpdZpy-pJDTJvD506UIh4SO8mRecGkTXrtsmBD_T1-pNsfVFT2CoM5IQ.ex02NEUvmvdDEkvFGAui_SaRp82sC5DyA4Jkos8DBSQ&dib_tag=se&keywords=clutches&qid=1747736282&sr=8-6,https://m.media-amazon.com/images/I/71dyBjFpLHL._AC_UL320_.jpg,₹799,"₹2,699"
AILTINO,https://www.amazon.in/AILTINO-Embroidered-Evening-Detachable-Multi-Colour/dp/B0F48Q3VSV/ref=sr_1_7?dib=eyJ2IjoiMSJ9.aIjDzUlWZgXEMSFUtwXeIyxf9P9wAgKIrw_-Cgh3J710zu5Pyh2K_GB2mpCltgIJD09-tGVB67j5iOxKMe7A0uIvHKZif37qd8oablpgbII_j70c-M4aMDwzpqQR3hK604XBqflPRP_hP-ofBWDV1u7dt88IYzlnvFCjoZs5mAbrZIt86AFlOS_Hv7TM4UmkgCvEYEn4DYCM7EaeOQX0rbyfNX2dMJt1_7_gerPPPACfgFcK9CmSpdZpy-pJDTJvD506UIh4SO8mRecGkTXrtsmBD_T1-pNsfVFT2CoM5IQ.ex02NEUvmvdDEkvFGAui_SaRp82sC5DyA4Jkos8DBSQ&dib_tag=se&keywords=clutches&qid=1747736282&sr=8-7,https://m.media-amazon.com/images/I/81XuqUKza-L._AC_UL320_.jpg,₹299,"₹1,999"
Lavie,https://www.amazon.in/Lavie-Ava-Womens-Clutch-Gold/dp/B07TBH4DFT/ref=sr_1_8?dib=eyJ2IjoiMSJ9.aIjDzUlWZgXEMSFUtwXeIyxf9P9wAgKIrw_-Cgh3J710zu5Pyh2K_GB2mpCltgIJD09-tGVB67j5iOxKMe7A0uIvHKZif37qd8oablpgbII_j70c-M4aMDwzpqQR3hK604XBqflPRP_hP-ofBWDV1u7dt88IYzlnvFCjoZs5mAbrZIt86AFlOS_Hv7TM4UmkgCvEYEn4DYCM7EaeOQX0rbyfNX2dMJt1_7_gerPPPACfgFcK9CmSpdZpy-pJDTJvD506UIh4SO8mRecGkTXrtsmBD_T1-pNsfVFT2CoM5IQ.ex02NEUvmvdDEkvFGAui_SaRp82sC5DyA4Jkos8DBSQ&dib_tag=se&keywords=clutches&qid=1747736282&sr=8-8,https://m.media-amazon.com/images/I/814sOob-vtL._AC_UL320_.jpg,₹499,"₹1,999"
INOVERA (LABEL),https://www.amazon.in/INOVERA-LABEL-Evening-Clutch-Wedding/dp/B0D87DYFD3/ref=sr_1_9?dib=eyJ2IjoiMSJ9.aIjDzUlWZgXEMSFUtwXeIyxf9P9wAgKIrw_-Cgh3J710zu5Pyh2K_GB2mpCltgIJD09-tGVB67j5iOxKMe7A0uIvHKZif37qd8oablpgbII_j70c-M4aMDwzpqQR3hK604XBqflPRP_hP-ofBWDV1u7dt88IYzlnvFCjoZs5mAbrZIt86AFlOS_Hv7TM4UmkgCvEYEn4DYCM7EaeOQX0rbyfNX2dMJt1_7_gerPPPACfgFcK9CmSpdZpy-pJDTJvD506UIh4SO8mRecGkTXrtsmBD_T1-pNsfVFT2CoM5IQ.ex02NEUvmvdDEkvFGAui_SaRp82sC5DyA4Jkos8DBSQ&dib_tag=se&keywords=clutches&qid=1747736282&sr=8-9,https://m.media-amazon.com/images/I/61F-SyaDVpL._AC_UL320_.jpg,₹949,"₹1,999"
ADISA,https://www.amazon.in/ADISA-CL029-women-girls-clutch/dp/B079KH4GDG/ref=sr_1_10?dib=eyJ2IjoiMSJ9.aIjDzUlWZgXEMSFUtwXeIyxf9P9wAgKIrw_-Cgh3J710zu5Pyh2K_GB2mpCltgIJD09-tGVB67j5iOxKMe7A0uIvHKZif37qd8oablpgbII_j70c-M4aMDwzpqQR3hK604XBqflPRP_hP-ofBWDV1u7dt88IYzlnvFCjoZs5mAbrZIt86AFlOS_Hv7TM4UmkgCvEYEn4DYCM7EaeOQX0rbyfNX2dMJt1_7_gerPPPACfgFcK9CmSpdZpy-pJDTJvD506UIh4SO8mRecGkTXrtsmBD_T1-pNsfVFT2CoM5IQ.ex02NEUvmvdDEkvFGAui_SaRp82sC5DyA4Jkos8DBSQ&dib_tag=se&keywords=clutches&qid=1747736282&sr=8-10,https://m.media-amazon.com/images/I/91KbHpJDiuL._AC_UL320_.jpg,₹398,"₹1,499"
ADISA,https://www.amazon.in/ADISA-Clutch-Handbag-Wedding-Bridal/dp/B09THNQL56/ref=sr_1_11?dib=eyJ2IjoiMSJ9.aIjDzUlWZgXEMSFUtwXeIyxf9P9wAgKIrw_-Cgh3J710zu5Pyh2K_GB2mpCltgIJD09-tGVB67j5iOxKMe7A0uIvHKZif37qd8oablpgbII_j70c-M4aMDwzpqQR3hK604XBqflPRP_hP-ofBWDV1u7dt88IYzlnvFCjoZs5mAbrZIt86AFlOS_Hv7TM4UmkgCvEYEn4DYCM7EaeOQX0rbyfNX2dMJt1_7_gerPPPACfgFcK9CmSpdZpy-pJDTJvD506UIh4SO8mRecGkTXrtsmBD_T1-pNsfVFT2CoM5IQ.ex02NEUvmvdDEkvFGAui_SaRp82sC5DyA4Jkos8DBSQ&dib_tag=se&keywords=clutches&qid=1747736282&sr=8-11,https://m.media-amazon.com/images/I/7108l+o4VjL._AC_UL320_.jpg,₹497,"₹1,499"
Lavie,https://www.amazon.in/Lavie-Womens-Framed-Clutch-Handbag/dp/B0D92HWZTP/ref=sr_1_12?dib=eyJ2IjoiMSJ9.aIjDzUlWZgXEMSFUtwXeIyxf9P9wAgKIrw_-Cgh3J710zu5Pyh2K_GB2mpCltgIJD09-tGVB67j5iOxKMe7A0uIvHKZif37qd8oablpgbII_j70c-M4aMDwzpqQR3hK604XBqflPRP_hP-ofBWDV1u7dt88IYzlnvFCjoZs5mAbrZIt86AFlOS_Hv7TM4UmkgCvEYEn4DYCM7EaeOQX0rbyfNX2dMJt1_7_gerPPPACfgFcK9CmSpdZpy-pJDTJvD506UIh4SO8mRecGkTXrtsmBD_T1-pNsfVFT2CoM5IQ.ex02NEUvmvdDEkvFGAui_SaRp82sC5DyA4Jkos8DBSQ&dib_tag=se&keywords=clutches&qid=1747736282&sr=8-12,https://m.media-amazon.com/images/I/61zzR-b6p4L._AC_UL320_.jpg,₹999,"₹2,799"
TOOBA,https://www.amazon.in/Tooba-Womens-Clutch-Sparkling-Gold/dp/B07SGJZT8Y/ref=sr_1_13?dib=eyJ2IjoiMSJ9.aIjDzUlWZgXEMSFUtwXeIyxf9P9wAgKIrw_-Cgh3J710zu5Pyh2K_GB2mpCltgIJD09-tGVB67j5iOxKMe7A0uIvHKZif37qd8oablpgbII_j70c-M4aMDwzpqQR3hK604XBqflPRP_hP-ofBWDV1u7dt88IYzlnvFCjoZs5mAbrZIt86AFlOS_Hv7TM4UmkgCvEYEn4DYCM7EaeOQX0rbyfNX2dMJt1_7_gerPPPACfgFcK9CmSpdZpy-pJDTJvD506UIh4SO8mRecGkTXrtsmBD_T1-pNsfVFT2CoM5IQ.ex02NEUvmvdDEkvFGAui_SaRp82sC5DyA4Jkos8DBSQ&dib_tag=se&keywords=clutches&qid=1747736282&sr=8-13,https://m.media-amazon.com/images/I/61cVvydO3qL._AC_UL320_.jpg,₹414,"₹4,999"
PIKIPOO,https://www.amazon.in/Funkia-Womens-handcrafted-ethnic-designer/dp/B078881V8H/ref=sr_1_14?dib=eyJ2IjoiMSJ9.aIjDzUlWZgXEMSFUtwXeIyxf9P9wAgKIrw_-Cgh3J710zu5Pyh2K_GB2mpCltgIJD09-tGVB67j5iOxKMe7A0uIvHKZif37qd8oablpgbII_j70c-M4aMDwzpqQR3hK604XBqflPRP_hP-ofBWDV1u7dt88IYzlnvFCjoZs5mAbrZIt86AFlOS_Hv7TM4UmkgCvEYEn4DYCM7EaeOQX0rbyfNX2dMJt1_7_gerPPPACfgFcK9CmSpdZpy-pJDTJvD506UIh4SO8mRecGkTXrtsmBD_T1-pNsfVFT2CoM5IQ.ex02NEUvmvdDEkvFGAui_SaRp82sC5DyA4Jkos8DBSQ&dib_tag=se&keywords=clutches&qid=1747736282&sr=8-14,https://m.media-amazon.com/images/I/81et72A0YvL._AC_UL320_.jpg,₹319,₹450
AILTINO,https://www.amazon.in/AILTINO-Womens-Box-Clutch-Purse/dp/B085WGXD8N/ref=sr_1_15?dib=eyJ2IjoiMSJ9.aIjDzUlWZgXEMSFUtwXeIyxf9P9wAgKIrw_-Cgh3J710zu5Pyh2K_GB2mpCltgIJD09-tGVB67j5iOxKMe7A0uIvHKZif37qd8oablpgbII_j70c-M4aMDwzpqQR3hK604XBqflPRP_hP-ofBWDV1u7dt88IYzlnvFCjoZs5mAbrZIt86AFlOS_Hv7TM4UmkgCvEYEn4DYCM7EaeOQX0rbyfNX2dMJt1_7_gerPPPACfgFcK9CmSpdZpy-pJDTJvD506UIh4SO8mRecGkTXrtsmBD_T1-pNsfVFT2CoM5IQ.ex02NEUvmvdDEkvFGAui_SaRp82sC5DyA4Jkos8DBSQ&dib_tag=se&keywords=clutches&qid=1747736282&sr=8-15,https://m.media-amazon.com/images/I/81QiON4nF3L._AC_UL320_.jpg,₹299,"₹1,999"
Lavie,https://www.amazon.in/Lavie-womens-Envelope-Rose-Gold-Clutch/dp/B0C77KTKR9/ref=sr_1_16?dib=eyJ2IjoiMSJ9.aIjDzUlWZgXEMSFUtwXeIyxf9P9wAgKIrw_-Cgh3J710zu5Pyh2K_GB2mpCltgIJD09-tGVB67j5iOxKMe7A0uIvHKZif37qd8oablpgbII_j70c-M4aMDwzpqQR3hK604XBqflPRP_hP-ofBWDV1u7dt88IYzlnvFCjoZs5mAbrZIt86AFlOS_Hv7TM4UmkgCvEYEn4DYCM7EaeOQX0rbyfNX2dMJt1_7_gerPPPACfgFcK9CmSpdZpy-pJDTJvD506UIh4SO8mRecGkTXrtsmBD_T1-pNsfVFT2CoM5IQ.ex02NEUvmvdDEkvFGAui_SaRp82sC5DyA4Jkos8DBSQ&dib_tag=se&keywords=clutches&qid=1747736282&sr=8-16,https://m.media-amazon.com/images/I/81YQ2g3ZhxL._AC_UL320_.jpg,₹498,"₹1,999"
ALSU,https://www.amazon.in/ALSU-Peacock-Wallet-Purse-gdu-015peablu/dp/B09TZW8J3Q/ref=sr_1_17?dib=eyJ2IjoiMSJ9.aIjDzUlWZgXEMSFUtwXeIyxf9P9wAgKIrw_-Cgh3J710zu5Pyh2K_GB2mpCltgIJD09-tGVB67j5iOxKMe7A0uIvHKZif37qd8oablpgbII_j70c-M4aMDwzpqQR3hK604XBqflPRP_hP-ofBWDV1u7dt88IYzlnvFCjoZs5mAbrZIt86AFlOS_Hv7TM4UmkgCvEYEn4DYCM7EaeOQX0rbyfNX2dMJt1_7_gerPPPACfgFcK9CmSpdZpy-pJDTJvD506UIh4SO8mRecGkTXrtsmBD_T1-pNsfVFT2CoM5IQ.ex02NEUvmvdDEkvFGAui_SaRp82sC5DyA4Jkos8DBSQ&dib_tag=se&keywords=clutches&qid=1747736282&sr=8-17,https://m.media-amazon.com/images/I/61+3uWAvxNL._AC_UL320_.jpg,₹299,"₹1,499"
Lavie,https://www.amazon.in/Lavie-womens-Envelope-Mt-Gold-Clutch/dp/B0C77J6X65/ref=sr_1_18?dib=eyJ2IjoiMSJ9.aIjDzUlWZgXEMSFUtwXeIyxf9P9wAgKIrw_-Cgh3J710zu5Pyh2K_GB2mpCltgIJD09-tGVB67j5iOxKMe7A0uIvHKZif37qd8oablpgbII_j70c-M4aMDwzpqQR3hK604XBqflPRP_hP-ofBWDV1u7dt88IYzlnvFCjoZs5mAbrZIt86AFlOS_Hv7TM4UmkgCvEYEn4DYCM7EaeOQX0rbyfNX2dMJt1_7_gerPPPACfgFcK9CmSpdZpy-pJDTJvD506UIh4SO8mRecGkTXrtsmBD_T1-pNsfVFT2CoM5IQ.ex02NEUvmvdDEkvFGAui_SaRp82sC5DyA4Jkos8DBSQ&dib_tag=se&keywords=clutches&qid=1747736282&sr=8-18,https://m.media-amazon.com/images/I/81NyNQ50wPL._AC_UL320_.jpg,₹698,"₹1,999"
ADISA,https://www.amazon.in/ADISA-Beaded-formal-clutch-CL108-GOL/dp/B0CYJ3G2PN/ref=sr_1_19?dib=eyJ2IjoiMSJ9.aIjDzUlWZgXEMSFUtwXeIyxf9P9wAgKIrw_-Cgh3J710zu5Pyh2K_GB2mpCltgIJD09-tGVB67j5iOxKMe7A0uIvHKZif37qd8oablpgbII_j70c-M4aMDwzpqQR3hK604XBqflPRP_hP-ofBWDV1u7dt88IYzlnvFCjoZs5mAbrZIt86AFlOS_Hv7TM4UmkgCvEYEn4DYCM7EaeOQX0rbyfNX2dMJt1_7_gerPPPACfgFcK9CmSpdZpy-pJDTJvD506UIh4SO8mRecGkTXrtsmBD_T1-pNsfVFT2CoM5IQ.ex02NEUvmvdDEkvFGAui_SaRp82sC5DyA4Jkos8DBSQ&dib_tag=se&keywords=clutches&qid=1747736282&sr=8-19,https://m.media-amazon.com/images/I/81Baf48oZUL._AC_UL320_.jpg,₹697,"₹1,499"
Lavie,https://www.amazon.in/Lavie-Oval-Framed-Womens-Clutch/dp/B094J616S6/ref=sr_1_20?dib=eyJ2IjoiMSJ9.aIjDzUlWZgXEMSFUtwXeIyxf9P9wAgKIrw_-Cgh3J710zu5Pyh2K_GB2mpCltgIJD09-tGVB67j5iOxKMe7A0uIvHKZif37qd8oablpgbII_j70c-M4aMDwzpqQR3hK604XBqflPRP_hP-ofBWDV1u7dt88IYzlnvFCjoZs5mAbrZIt86AFlOS_Hv7TM4UmkgCvEYEn4DYCM7EaeOQX0rbyfNX2dMJt1_7_gerPPPACfgFcK9CmSpdZpy-pJDTJvD506UIh4SO8mRecGkTXrtsmBD_T1-pNsfVFT2CoM5IQ.ex02NEUvmvdDEkvFGAui_SaRp82sC5DyA4Jkos8DBSQ&dib_tag=se&keywords=clutches&qid=1747736282&sr=8-20,https://m.media-amazon.com/images/I/81OkMzXVwGL._AC_UL320_.jpg,₹699,"₹1,999"
INOVERA (LABEL),https://www.amazon.in/sspa/click?ie=UTF8&spc=MToxMzg2Njk0ODM4MzI0MTAwOjE3NDc3MzYyODM6c3BfbXRmOjIwMTMxNjU2OTc2Njk4OjowOjo&url=%2FINOVERA-LABEL-Glitter-Rhinestone-Evening%2Fdp%2FB08N18JQYH%2Fref%3Dsr_1_21_sspa%3Fdib%3DeyJ2IjoiMSJ9.aIjDzUlWZgXEMSFUtwXeIyxf9P9wAgKIrw_-Cgh3J710zu5Pyh2K_GB2mpCltgIJD09-tGVB67j5iOxKMe7A0uIvHKZif37qd8oablpgbII_j70c-M4aMDwzpqQR3hK604XBqflPRP_hP-ofBWDV1u7dt88IYzlnvFCjoZs5mAbrZIt86AFlOS_Hv7TM4UmkgCvEYEn4DYCM7EaeOQX0rbyfNX2dMJt1_7_gerPPPACfgFcK9CmSpdZpy-pJDTJvD506UIh4SO8mRecGkTXrtsmBD_T1-pNsfVFT2CoM5IQ.ex02NEUvmvdDEkvFGAui_SaRp82sC5DyA4Jkos8DBSQ%26dib_tag%3Dse%26keywords%3Dclutches%26qid%3D1747736282%26sr%3D8-21-spons%26sp_csd%3Dd2lkZ2V0TmFtZT1zcF9tdGY%26psc%3D1,https://m.media-amazon.com/images/I/81e9YeuSuTL._AC_UL320_.jpg,₹899,"₹1,799"
HAMMONDS FLYCATCHER,https://www.amazon.in/sspa/click?ie=UTF8&spc=MToxMzg2Njk0ODM4MzI0MTAwOjE3NDc3MzYyODM6c3BfbXRmOjIwMDMzMjcwOTE2ODk4OjowOjo&url=%2FHAMMONDS-FLYCATCHER-wallet-women-Protection%2Fdp%2FB09PG1K8T6%2Fref%3Dsr_1_22_sspa%3Fdib%3DeyJ2IjoiMSJ9.aIjDzUlWZgXEMSFUtwXeIyxf9P9wAgKIrw_-Cgh3J710zu5Pyh2K_GB2mpCltgIJD09-tGVB67j5iOxKMe7A0uIvHKZif37qd8oablpgbII_j70c-M4aMDwzpqQR3hK604XBqflPRP_hP-ofBWDV1u7dt88IYzlnvFCjoZs5mAbrZIt86AFlOS_Hv7TM4UmkgCvEYEn4DYCM7EaeOQX0rbyfNX2dMJt1_7_gerPPPACfgFcK9CmSpdZpy-pJDTJvD506UIh4SO8mRecGkTXrtsmBD_T1-pNsfVFT2CoM5IQ.ex02NEUvmvdDEkvFGAui_SaRp82sC5DyA4Jkos8DBSQ%26dib_tag%3Dse%26keywords%3Dclutches%26qid%3D1747736282%26sr%3D8-22-spons%26sp_csd%3Dd2lkZ2V0TmFtZT1zcF9tdGY%26psc%3D1,https://m.media-amazon.com/images/I/81WcYEb3CoL._AC_UL320_.jpg,"₹1,269","₹1,999"
INOVERA (LABEL),https://www.amazon.in/sspa/click?ie=UTF8&spc=MToxMzg2Njk0ODM4MzI0MTAwOjE3NDc3MzYyODM6c3BfbXRmOjMwMDQ3NjQ2NDY3MTIzMjo6MDo6&url=%2FINOVERA-LABEL-Clutches-Women-Girls%2Fdp%2FB0DTJ1NDHK%2Fref%3Dsr_1_23_sspa%3Fdib%3DeyJ2IjoiMSJ9.aIjDzUlWZgXEMSFUtwXeIyxf9P9wAgKIrw_-Cgh3J710zu5Pyh2K_GB2mpCltgIJD09-tGVB67j5iOxKMe7A0uIvHKZif37qd8oablpgbII_j70c-M4aMDwzpqQR3hK604XBqflPRP_hP-ofBWDV1u7dt88IYzlnvFCjoZs5mAbrZIt86AFlOS_Hv7TM4UmkgCvEYEn4DYCM7EaeOQX0rbyfNX2dMJt1_7_gerPPPACfgFcK9CmSpdZpy-pJDTJvD506UIh4SO8mRecGkTXrtsmBD_T1-pNsfVFT2CoM5IQ.ex02NEUvmvdDEkvFGAui_SaRp82sC5DyA4Jkos8DBSQ%26dib_tag%3Dse%26keywords%3Dclutches%26qid%3D1747736282%26sr%3D8-23-spons%26sp_csd%3Dd2lkZ2V0TmFtZT1zcF9tdGY%26psc%3D1,https://m.media-amazon.com/images/I/81LVQyX5IxL._AC_UL320_.jpg,₹949,"₹1,999"
New Style Handicraft,https://www.amazon.in/sspa/click?ie=UTF8&spc=MToxMzg2Njk0ODM4MzI0MTAwOjE3NDc3MzYyODM6c3BfbXRmOjMwMDU2NjI3Mjg3ODEzMjo6MDo6&url=%2FNew-Style-Handicraft-Celebrities-White%2Fdp%2FB0CG6DRBHP%2Fref%3Dsr_1_24_sspa%3Fdib%3DeyJ2IjoiMSJ9.aIjDzUlWZgXEMSFUtwXeIyxf9P9wAgKIrw_-Cgh3J710zu5Pyh2K_GB2mpCltgIJD09-tGVB67j5iOxKMe7A0uIvHKZif37qd8oablpgbII_j70c-M4aMDwzpqQR3hK604XBqflPRP_hP-ofBWDV1u7dt88IYzlnvFCjoZs5mAbrZIt86AFlOS_Hv7TM4UmkgCvEYEn4DYCM7EaeOQX0rbyfNX2dMJt1_7_gerPPPACfgFcK9CmSpdZpy-pJDTJvD506UIh4SO8mRecGkTXrtsmBD_T1-pNsfVFT2CoM5IQ.ex02NEUvmvdDEkvFGAui_SaRp82sC5DyA4Jkos8DBSQ%26dib_tag%3Dse%26keywords%3Dclutches%26qid%3D1747736282%26sr%3D8-24-spons%26sp_csd%3Dd2lkZ2V0TmFtZT1zcF9tdGY%26psc%3D1,https://m.media-amazon.com/images/I/51oDNaYCN8L._AC_UL320_.jpg,₹997,"₹2,999"
DOSYSO,https://www.amazon.in/Acrylic-Evening-Handbag-Crossbody-Detachable/dp/B0F4YRL4BJ/ref=sr_1_25?dib=eyJ2IjoiMSJ9.aIjDzUlWZgXEMSFUtwXeIyxf9P9wAgKIrw_-Cgh3J710zu5Pyh2K_GB2mpCltgIJD09-tGVB67j5iOxKMe7A0uIvHKZif37qd8oablpgbII_j70c-M4aMDwzpqQR3hK604XBqflPRP_hP-ofBWDV1u7dt88IYzlnvFCjoZs5mAbrZIt86AFlOS_Hv7TM4UmkgCvEYEn4DYCM7EaeOQX0rbyfNX2dMJt1_7_gerPPPACfgFcK9CmSpdZpy-pJDTJvD506UIh4SO8mRecGkTXrtsmBD_T1-pNsfVFT2CoM5IQ.ex02NEUvmvdDEkvFGAui_SaRp82sC5DyA4Jkos8DBSQ&dib_tag=se&keywords=clutches&qid=1747736282&sr=8-25,https://m.media-amazon.com/images/I/410TMnxLXvL._AC_UL320_.jpg,₹699,"₹1,499"
Lavie,https://www.amazon.in/Lavie-Womens-Wallet-Ladies-Stylish/dp/B0F13XFVZW/ref=sr_1_26?dib=eyJ2IjoiMSJ9.aIjDzUlWZgXEMSFUtwXeIyxf9P9wAgKIrw_-Cgh3J710zu5Pyh2K_GB2mpCltgIJD09-tGVB67j5iOxKMe7A0uIvHKZif37qd8oablpgbII_j70c-M4aMDwzpqQR3hK604XBqflPRP_hP-ofBWDV1u7dt88IYzlnvFCjoZs5mAbrZIt86AFlOS_Hv7TM4UmkgCvEYEn4DYCM7EaeOQX0rbyfNX2dMJt1_7_gerPPPACfgFcK9CmSpdZpy-pJDTJvD506UIh4SO8mRecGkTXrtsmBD_T1-pNsfVFT2CoM5IQ.ex02NEUvmvdDEkvFGAui_SaRp82sC5DyA4Jkos8DBSQ&dib_tag=se&keywords=clutches&qid=1747736282&sr=8-26,https://m.media-amazon.com/images/I/61Avq3Nm9fL._AC_UL320_.jpg,₹599,"₹1,799"
Lavie,https://www.amazon.in/Lavie-Womens-Chirpy-Foldover-Clutch/dp/B09P43BM91/ref=sr_1_27?dib=eyJ2IjoiMSJ9.aIjDzUlWZgXEMSFUtwXeIyxf9P9wAgKIrw_-Cgh3J710zu5Pyh2K_GB2mpCltgIJD09-tGVB67j5iOxKMe7A0uIvHKZif37qd8oablpgbII_j70c-M4aMDwzpqQR3hK604XBqflPRP_hP-ofBWDV1u7dt88IYzlnvFCjoZs5mAbrZIt86AFlOS_Hv7TM4UmkgCvEYEn4DYCM7EaeOQX0rbyfNX2dMJt1_7_gerPPPACfgFcK9CmSpdZpy-pJDTJvD506UIh4SO8mRecGkTXrtsmBD_T1-pNsfVFT2CoM5IQ.ex02NEUvmvdDEkvFGAui_SaRp82sC5DyA4Jkos8DBSQ&dib_tag=se&keywords=clutches&qid=1747736282&sr=8-27,https://m.media-amazon.com/images/I/81HYMj5wWJL._AC_UL320_.jpg,₹699,"₹2,299"
Lavie,https://www.amazon.in/Lavie-Womens-Tinsel-Clutch-Ladies/dp/B09XJ33TYD/ref=sr_1_28?dib=eyJ2IjoiMSJ9.aIjDzUlWZgXEMSFUtwXeIyxf9P9wAgKIrw_-Cgh3J710zu5Pyh2K_GB2mpCltgIJD09-tGVB67j5iOxKMe7A0uIvHKZif37qd8oablpgbII_j70c-M4aMDwzpqQR3hK604XBqflPRP_hP-ofBWDV1u7dt88IYzlnvFCjoZs5mAbrZIt86AFlOS_Hv7TM4UmkgCvEYEn4DYCM7EaeOQX0rbyfNX2dMJt1_7_gerPPPACfgFcK9CmSpdZpy-pJDTJvD506UIh4SO8mRecGkTXrtsmBD_T1-pNsfVFT2CoM5IQ.ex02NEUvmvdDEkvFGAui_SaRp82sC5DyA4Jkos8DBSQ&dib_tag=se&keywords=clutches&qid=1747736282&sr=8-28,https://m.media-amazon.com/images/I/81jz2Dal-TL._AC_UL320_.jpg,₹729,"₹2,499"
Mochi,https://www.amazon.in/Mochi-Womens-Fashionable-Leather-38-114/dp/B0DK3S8QBV/ref=sr_1_29?dib=eyJ2IjoiMSJ9.aIjDzUlWZgXEMSFUtwXeIyxf9P9wAgKIrw_-Cgh3J710zu5Pyh2K_GB2mpCltgIJD09-tGVB67j5iOxKMe7A0uIvHKZif37qd8oablpgbII_j70c-M4aMDwzpqQR3hK604XBqflPRP_hP-ofBWDV1u7dt88IYzlnvFCjoZs5mAbrZIt86AFlOS_Hv7TM4UmkgCvEYEn4DYCM7EaeOQX0rbyfNX2dMJt1_7_gerPPPACfgFcK9CmSpdZpy-pJDTJvD506UIh4SO8mRecGkTXrtsmBD_T1-pNsfVFT2CoM5IQ.ex02NEUvmvdDEkvFGAui_SaRp82sC5DyA4Jkos8DBSQ&dib_tag=se&keywords=clutches&qid=1747736282&sr=8-29,https://m.media-amazon.com/images/I/91PnmGcg64L._AC_UL320_.jpg,"₹1,098","₹1,690"
AILTINO,https://www.amazon.in/Ailtino-Clutch-Stylish-Latest-Sparkling/dp/B0998H2661/ref=sr_1_30?dib=eyJ2IjoiMSJ9.aIjDzUlWZgXEMSFUtwXeIyxf9P9wAgKIrw_-Cgh3J710zu5Pyh2K_GB2mpCltgIJD09-tGVB67j5iOxKMe7A0uIvHKZif37qd8oablpgbII_j70c-M4aMDwzpqQR3hK604XBqflPRP_hP-ofBWDV1u7dt88IYzlnvFCjoZs5mAbrZIt86AFlOS_Hv7TM4UmkgCvEYEn4DYCM7EaeOQX0rbyfNX2dMJt1_7_gerPPPACfgFcK9CmSpdZpy-pJDTJvD506UIh4SO8mRecGkTXrtsmBD_T1-pNsfVFT2CoM5IQ.ex02NEUvmvdDEkvFGAui_SaRp82sC5DyA4Jkos8DBSQ&dib_tag=se&keywords=clutches&qid=1747736282&sr=8-30,https://m.media-amazon.com/images/I/91plshxleFS._AC_UL320_.jpg,₹299,"₹1,999"
Lavie,https://www.amazon.in/Lavie-Bow-Frame-Womens-Clutch/dp/B094J4JQ7F/ref=sr_1_31?dib=eyJ2IjoiMSJ9.aIjDzUlWZgXEMSFUtwXeIyxf9P9wAgKIrw_-Cgh3J710zu5Pyh2K_GB2mpCltgIJD09-tGVB67j5iOxKMe7A0uIvHKZif37qd8oablpgbII_j70c-M4aMDwzpqQR3hK604XBqflPRP_hP-ofBWDV1u7dt88IYzlnvFCjoZs5mAbrZIt86AFlOS_Hv7TM4UmkgCvEYEn4DYCM7EaeOQX0rbyfNX2dMJt1_7_gerPPPACfgFcK9CmSpdZpy-pJDTJvD506UIh4SO8mRecGkTXrtsmBD_T1-pNsfVFT2CoM5IQ.ex02NEUvmvdDEkvFGAui_SaRp82sC5DyA4Jkos8DBSQ&dib_tag=se&keywords=clutches&qid=1747736282&sr=8-31,https://m.media-amazon.com/images/I/81EAVMr6XzL._AC_UL320_.jpg,₹624,"₹2,499"
INOVERA (LABEL),https://www.amazon.in/INOVERA-LABEL-Clutch-Women-Girls/dp/B0DJ9DGRCK/ref=sr_1_32?dib=eyJ2IjoiMSJ9.aIjDzUlWZgXEMSFUtwXeIyxf9P9wAgKIrw_-Cgh3J710zu5Pyh2K_GB2mpCltgIJD09-tGVB67j5iOxKMe7A0uIvHKZif37qd8oablpgbII_j70c-M4aMDwzpqQR3hK604XBqflPRP_hP-ofBWDV1u7dt88IYzlnvFCjoZs5mAbrZIt86AFlOS_Hv7TM4UmkgCvEYEn4DYCM7EaeOQX0rbyfNX2dMJt1_7_gerPPPACfgFcK9CmSpdZpy-pJDTJvD506UIh4SO8mRecGkTXrtsmBD_T1-pNsfVFT2CoM5IQ.ex02NEUvmvdDEkvFGAui_SaRp82sC5DyA4Jkos8DBSQ&dib_tag=se&keywords=clutches&qid=1747736282&sr=8-32,https://m.media-amazon.com/images/I/71aoCas6mVL._AC_UL320_.jpg,₹949,"₹1,999"
EXOTIC,https://www.amazon.in/EXOTIC-Bridal-Sling-Type-clutch/dp/B0CHJVCYMZ/ref=sr_1_33?dib=eyJ2IjoiMSJ9.aIjDzUlWZgXEMSFUtwXeIyxf9P9wAgKIrw_-Cgh3J710zu5Pyh2K_GB2mpCltgIJD09-tGVB67j5iOxKMe7A0uIvHKZif37qd8oablpgbII_j70c-M4aMDwzpqQR3hK604XBqflPRP_hP-ofBWDV1u7dt88IYzlnvFCjoZs5mAbrZIt86AFlOS_Hv7TM4UmkgCvEYEn4DYCM7EaeOQX0rbyfNX2dMJt1_7_gerPPPACfgFcK9CmSpdZpy-pJDTJvD506UIh4SO8mRecGkTXrtsmBD_T1-pNsfVFT2CoM5IQ.ex02NEUvmvdDEkvFGAui_SaRp82sC5DyA4Jkos8DBSQ&dib_tag=se&keywords=clutches&qid=1747736282&sr=8-33,https://m.media-amazon.com/images/I/91hfRPf428L._AC_UL320_.jpg,₹499,"₹2,799"
Lavie,https://www.amazon.in/Lavie-Oval-Framed-Womens-Clutch/dp/B094J5K3QQ/ref=sr_1_34?dib=eyJ2IjoiMSJ9.aIjDzUlWZgXEMSFUtwXeIyxf9P9wAgKIrw_-Cgh3J710zu5Pyh2K_GB2mpCltgIJD09-tGVB67j5iOxKMe7A0uIvHKZif37qd8oablpgbII_j70c-M4aMDwzpqQR3hK604XBqflPRP_hP-ofBWDV1u7dt88IYzlnvFCjoZs5mAbrZIt86AFlOS_Hv7TM4UmkgCvEYEn4DYCM7EaeOQX0rbyfNX2dMJt1_7_gerPPPACfgFcK9CmSpdZpy-pJDTJvD506UIh4SO8mRecGkTXrtsmBD_T1-pNsfVFT2CoM5IQ.ex02NEUvmvdDEkvFGAui_SaRp82sC5DyA4Jkos8DBSQ&dib_tag=se&keywords=clutches&qid=1747736282&sr=8-34,https://m.media-amazon.com/images/I/81bid64C67L._AC_UL320_.jpg,₹699,"₹2,499"
DUCHESS,https://www.amazon.in/Duchess-Women-Girls-Grey-Clutches/dp/B085DYYS8V/ref=sr_1_35?dib=eyJ2IjoiMSJ9.aIjDzUlWZgXEMSFUtwXeIyxf9P9wAgKIrw_-Cgh3J710zu5Pyh2K_GB2mpCltgIJD09-tGVB67j5iOxKMe7A0uIvHKZif37qd8oablpgbII_j70c-M4aMDwzpqQR3hK604XBqflPRP_hP-ofBWDV1u7dt88IYzlnvFCjoZs5mAbrZIt86AFlOS_Hv7TM4UmkgCvEYEn4DYCM7EaeOQX0rbyfNX2dMJt1_7_gerPPPACfgFcK9CmSpdZpy-pJDTJvD506UIh4SO8mRecGkTXrtsmBD_T1-pNsfVFT2CoM5IQ.ex02NEUvmvdDEkvFGAui_SaRp82sC5DyA4Jkos8DBSQ&dib_tag=se&keywords=clutches&qid=1747736282&sr=8-35,https://m.media-amazon.com/images/I/81iMNEq5MkL._AC_UL320_.jpg,₹777,"₹1,999"
EXOTIC,https://www.amazon.in/EXOTIC-starelipse-Bridal-clutch-Pink/dp/B0BCYNHP4Y/ref=sr_1_36?dib=eyJ2IjoiMSJ9.aIjDzUlWZgXEMSFUtwXeIyxf9P9wAgKIrw_-Cgh3J710zu5Pyh2K_GB2mpCltgIJD09-tGVB67j5iOxKMe7A0uIvHKZif37qd8oablpgbII_j70c-M4aMDwzpqQR3hK604XBqflPRP_hP-ofBWDV1u7dt88IYzlnvFCjoZs5mAbrZIt86AFlOS_Hv7TM4UmkgCvEYEn4DYCM7EaeOQX0rbyfNX2dMJt1_7_gerPPPACfgFcK9CmSpdZpy-pJDTJvD506UIh4SO8mRecGkTXrtsmBD_T1-pNsfVFT2CoM5IQ.ex02NEUvmvdDEkvFGAui_SaRp82sC5DyA4Jkos8DBSQ&dib_tag=se&keywords=clutches&qid=1747736282&sr=8-36,https://m.media-amazon.com/images/I/71yMBATAAeL._AC_UL320_.jpg,₹806,"₹2,899"
ADISA,https://www.amazon.in/ADISA-formal-party-clutch-CL102-GOL_Gold/dp/B0CLJJJTXN/ref=sr_1_37?dib=eyJ2IjoiMSJ9.aIjDzUlWZgXEMSFUtwXeIyxf9P9wAgKIrw_-Cgh3J710zu5Pyh2K_GB2mpCltgIJD09-tGVB67j5iOxKMe7A0uIvHKZif37qd8oablpgbII_j70c-M4aMDwzpqQR3hK604XBqflPRP_hP-ofBWDV1u7dt88IYzlnvFCjoZs5mAbrZIt86AFlOS_Hv7TM4UmkgCvEYEn4DYCM7EaeOQX0rbyfNX2dMJt1_7_gerPPPACfgFcK9CmSpdZpy-pJDTJvD506UIh4SO8mRecGkTXrtsmBD_T1-pNsfVFT2CoM5IQ.ex02NEUvmvdDEkvFGAui_SaRp82sC5DyA4Jkos8DBSQ&dib_tag=se&keywords=clutches&qid=1747736282&sr=8-37,https://m.media-amazon.com/images/I/91WUEXDgd6L._AC_UL320_.jpg,₹598,"₹1,499"
DOSYSO,https://www.amazon.in/Metallic-Acrylic-Evening-Crossbody-Detachable/dp/B0DWY2C14M/ref=sr_1_38?dib=eyJ2IjoiMSJ9.aIjDzUlWZgXEMSFUtwXeIyxf9P9wAgKIrw_-Cgh3J710zu5Pyh2K_GB2mpCltgIJD09-tGVB67j5iOxKMe7A0uIvHKZif37qd8oablpgbII_j70c-M4aMDwzpqQR3hK604XBqflPRP_hP-ofBWDV1u7dt88IYzlnvFCjoZs5mAbrZIt86AFlOS_Hv7TM4UmkgCvEYEn4DYCM7EaeOQX0rbyfNX2dMJt1_7_gerPPPACfgFcK9CmSpdZpy-pJDTJvD506UIh4SO8mRecGkTXrtsmBD_T1-pNsfVFT2CoM5IQ.ex02NEUvmvdDEkvFGAui_SaRp82sC5DyA4Jkos8DBSQ&dib_tag=se&keywords=clutches&qid=1747736282&sr=8-38,https://m.media-amazon.com/images/I/61LGpN9VfTL._AC_UL320_.jpg,₹649,"₹1,499"
SWISNI,https://www.amazon.in/SWISNI-Designer-Handmade-Embroidered-Handcrafted/dp/B0BM698C4Z/ref=sr_1_39?dib=eyJ2IjoiMSJ9.aIjDzUlWZgXEMSFUtwXeIyxf9P9wAgKIrw_-Cgh3J710zu5Pyh2K_GB2mpCltgIJD09-tGVB67j5iOxKMe7A0uIvHKZif37qd8oablpgbII_j70c-M4aMDwzpqQR3hK604XBqflPRP_hP-ofBWDV1u7dt88IYzlnvFCjoZs5mAbrZIt86AFlOS_Hv7TM4UmkgCvEYEn4DYCM7EaeOQX0rbyfNX2dMJt1_7_gerPPPACfgFcK9CmSpdZpy-pJDTJvD506UIh4SO8mRecGkTXrtsmBD_T1-pNsfVFT2CoM5IQ.ex02NEUvmvdDEkvFGAui_SaRp82sC5DyA4Jkos8DBSQ&dib_tag=se&keywords=clutches&qid=1747736282&sr=8-39,https://m.media-amazon.com/images/I/717vDEIv-oL._AC_UL320_.jpg,₹874,"₹3,599"
Lavie,https://www.amazon.in/Lavie-Womens-Framed-Clutch-Handbag/dp/B0D92KR5XM/ref=sr_1_40?dib=eyJ2IjoiMSJ9.aIjDzUlWZgXEMSFUtwXeIyxf9P9wAgKIrw_-Cgh3J710zu5Pyh2K_GB2mpCltgIJD09-tGVB67j5iOxKMe7A0uIvHKZif37qd8oablpgbII_j70c-M4aMDwzpqQR3hK604XBqflPRP_hP-ofBWDV1u7dt88IYzlnvFCjoZs5mAbrZIt86AFlOS_Hv7TM4UmkgCvEYEn4DYCM7EaeOQX0rbyfNX2dMJt1_7_gerPPPACfgFcK9CmSpdZpy-pJDTJvD506UIh4SO8mRecGkTXrtsmBD_T1-pNsfVFT2CoM5IQ.ex02NEUvmvdDEkvFGAui_SaRp82sC5DyA4Jkos8DBSQ&dib_tag=se&keywords=clutches&qid=1747736282&sr=8-40,https://m.media-amazon.com/images/I/713LMVvQjSL._AC_UL320_.jpg,"₹1,098","₹2,799"
ADISA,https://www.amazon.in/ADISA-Constellation-formal-clutch-CL106-PIN/dp/B0CVYLY4JB/ref=sr_1_41?dib=eyJ2IjoiMSJ9.aIjDzUlWZgXEMSFUtwXeIyxf9P9wAgKIrw_-Cgh3J710zu5Pyh2K_GB2mpCltgIJD09-tGVB67j5iOxKMe7A0uIvHKZif37qd8oablpgbII_j70c-M4aMDwzpqQR3hK604XBqflPRP_hP-ofBWDV1u7dt88IYzlnvFCjoZs5mAbrZIt86AFlOS_Hv7TM4UmkgCvEYEn4DYCM7EaeOQX0rbyfNX2dMJt1_7_gerPPPACfgFcK9CmSpdZpy-pJDTJvD506UIh4SO8mRecGkTXrtsmBD_T1-pNsfVFT2CoM5IQ.ex02NEUvmvdDEkvFGAui_SaRp82sC5DyA4Jkos8DBSQ&dib_tag=se&keywords=clutches&qid=1747736282&sr=8-41,https://m.media-amazon.com/images/I/91ah2S3NMdL._AC_UL320_.jpg,₹498,"₹1,499"
For The Beautiful You,https://www.amazon.in/Beautiful-You-Embroidered-Flower-Womens/dp/B09DGNRBMX/ref=sr_1_42?dib=eyJ2IjoiMSJ9.aIjDzUlWZgXEMSFUtwXeIyxf9P9wAgKIrw_-Cgh3J710zu5Pyh2K_GB2mpCltgIJD09-tGVB67j5iOxKMe7A0uIvHKZif37qd8oablpgbII_j70c-M4aMDwzpqQR3hK604XBqflPRP_hP-ofBWDV1u7dt88IYzlnvFCjoZs5mAbrZIt86AFlOS_Hv7TM4UmkgCvEYEn4DYCM7EaeOQX0rbyfNX2dMJt1_7_gerPPPACfgFcK9CmSpdZpy-pJDTJvD506UIh4SO8mRecGkTXrtsmBD_T1-pNsfVFT2CoM5IQ.ex02NEUvmvdDEkvFGAui_SaRp82sC5DyA4Jkos8DBSQ&dib_tag=se&keywords=clutches&qid=1747736282&sr=8-42,https://m.media-amazon.com/images/I/91WeThoXpvL._AC_UL320_.jpg,₹648,"₹1,599"
For The Beautiful You,https://www.amazon.in/Beautiful-You-Embroidered-Womens-Clutch/dp/B09KS5YW99/ref=sr_1_43?dib=eyJ2IjoiMSJ9.aIjDzUlWZgXEMSFUtwXeIyxf9P9wAgKIrw_-Cgh3J710zu5Pyh2K_GB2mpCltgIJD09-tGVB67j5iOxKMe7A0uIvHKZif37qd8oablpgbII_j70c-M4aMDwzpqQR3hK604XBqflPRP_hP-ofBWDV1u7dt88IYzlnvFCjoZs5mAbrZIt86AFlOS_Hv7TM4UmkgCvEYEn4DYCM7EaeOQX0rbyfNX2dMJt1_7_gerPPPACfgFcK9CmSpdZpy-pJDTJvD506UIh4SO8mRecGkTXrtsmBD_T1-pNsfVFT2CoM5IQ.ex02NEUvmvdDEkvFGAui_SaRp82sC5DyA4Jkos8DBSQ&dib_tag=se&keywords=clutches&qid=1747736282&sr=8-43,https://m.media-amazon.com/images/I/91pm+4MSQFL._AC_UL320_.jpg,₹618,"₹1,499"
TOOBA,https://www.amazon.in/TOOBA-Shimmer-Beautiful-Metallic-Rose/dp/B0841HTPKS/ref=sr_1_44?dib=eyJ2IjoiMSJ9.aIjDzUlWZgXEMSFUtwXeIyxf9P9wAgKIrw_-Cgh3J710zu5Pyh2K_GB2mpCltgIJD09-tGVB67j5iOxKMe7A0uIvHKZif37qd8oablpgbII_j70c-M4aMDwzpqQR3hK604XBqflPRP_hP-ofBWDV1u7dt88IYzlnvFCjoZs5mAbrZIt86AFlOS_Hv7TM4UmkgCvEYEn4DYCM7EaeOQX0rbyfNX2dMJt1_7_gerPPPACfgFcK9CmSpdZpy-pJDTJvD506UIh4SO8mRecGkTXrtsmBD_T1-pNsfVFT2CoM5IQ.ex02NEUvmvdDEkvFGAui_SaRp82sC5DyA4Jkos8DBSQ&dib_tag=se&keywords=clutches&qid=1747736282&sr=8-44,https://m.media-amazon.com/images/I/61PaGYreRWL._AC_UL320_.jpg,₹387,"₹4,999"
TOOBA,https://www.amazon.in/Tooba-Womens-Grapes-Clutch-Beige_grapes_7x4/dp/B07B6PNL41/ref=sr_1_45?dib=eyJ2IjoiMSJ9.aIjDzUlWZgXEMSFUtwXeIyxf9P9wAgKIrw_-Cgh3J710zu5Pyh2K_GB2mpCltgIJD09-tGVB67j5iOxKMe7A0uIvHKZif37qd8oablpgbII_j70c-M4aMDwzpqQR3hK604XBqflPRP_hP-ofBWDV1u7dt88IYzlnvFCjoZs5mAbrZIt86AFlOS_Hv7TM4UmkgCvEYEn4DYCM7EaeOQX0rbyfNX2dMJt1_7_gerPPPACfgFcK9CmSpdZpy-pJDTJvD506UIh4SO8mRecGkTXrtsmBD_T1-pNsfVFT2CoM5IQ.ex02NEUvmvdDEkvFGAui_SaRp82sC5DyA4Jkos8DBSQ&dib_tag=se&keywords=clutches&qid=1747736282&sr=8-45,https://m.media-amazon.com/images/I/71TxVzvpOfL._AC_UL320_.jpg,₹383,"₹4,999"
For The Beautiful You,https://www.amazon.in/Beautiful-You-Womens-Hand-Clutch-Maroon/dp/B095TSZB45/ref=sr_1_46?dib=eyJ2IjoiMSJ9.aIjDzUlWZgXEMSFUtwXeIyxf9P9wAgKIrw_-Cgh3J710zu5Pyh2K_GB2mpCltgIJD09-tGVB67j5iOxKMe7A0uIvHKZif37qd8oablpgbII_j70c-M4aMDwzpqQR3hK604XBqflPRP_hP-ofBWDV1u7dt88IYzlnvFCjoZs5mAbrZIt86AFlOS_Hv7TM4UmkgCvEYEn4DYCM7EaeOQX0rbyfNX2dMJt1_7_gerPPPACfgFcK9CmSpdZpy-pJDTJvD506UIh4SO8mRecGkTXrtsmBD_T1-pNsfVFT2CoM5IQ.ex02NEUvmvdDEkvFGAui_SaRp82sC5DyA4Jkos8DBSQ&dib_tag=se&keywords=clutches&qid=1747736282&sr=8-46,https://m.media-amazon.com/images/I/818CVZ55reS._AC_UL320_.jpg,₹599,"₹1,499"
Lavie,https://www.amazon.in/Lavie-Womens-Clutch-Detachable-Ladies/dp/B09VPJRQHX/ref=sr_1_47?dib=eyJ2IjoiMSJ9.aIjDzUlWZgXEMSFUtwXeIyxf9P9wAgKIrw_-Cgh3J710zu5Pyh2K_GB2mpCltgIJD09-tGVB67j5iOxKMe7A0uIvHKZif37qd8oablpgbII_j70c-M4aMDwzpqQR3hK604XBqflPRP_hP-ofBWDV1u7dt88IYzlnvFCjoZs5mAbrZIt86AFlOS_Hv7TM4UmkgCvEYEn4DYCM7EaeOQX0rbyfNX2dMJt1_7_gerPPPACfgFcK9CmSpdZpy-pJDTJvD506UIh4SO8mRecGkTXrtsmBD_T1-pNsfVFT2CoM5IQ.ex02NEUvmvdDEkvFGAui_SaRp82sC5DyA4Jkos8DBSQ&dib_tag=se&keywords=clutches&qid=1747736282&sr=8-47,https://m.media-amazon.com/images/I/81f5F8PnxSL._AC_UL320_.jpg,₹619,"₹2,499"
Mochi,https://www.amazon.in/Mochi-Womens-Synthetic-Antic-Clutch/dp/B0B34MNVW3/ref=sr_1_48?dib=eyJ2IjoiMSJ9.aIjDzUlWZgXEMSFUtwXeIyxf9P9wAgKIrw_-Cgh3J710zu5Pyh2K_GB2mpCltgIJD09-tGVB67j5iOxKMe7A0uIvHKZif37qd8oablpgbII_j70c-M4aMDwzpqQR3hK604XBqflPRP_hP-ofBWDV1u7dt88IYzlnvFCjoZs5mAbrZIt86AFlOS_Hv7TM4UmkgCvEYEn4DYCM7EaeOQX0rbyfNX2dMJt1_7_gerPPPACfgFcK9CmSpdZpy-pJDTJvD506UIh4SO8mRecGkTXrtsmBD_T1-pNsfVFT2CoM5IQ.ex02NEUvmvdDEkvFGAui_SaRp82sC5DyA4Jkos8DBSQ&dib_tag=se&keywords=clutches&qid=1747736282&sr=8-48,https://m.media-amazon.com/images/I/91wi-eKEzoL._AC_UL320_.jpg,"₹1,374","₹2,290"
TOOBA,https://www.amazon.in/TOOBA-Handicraft-Embroidered-Clutch-Wedding/dp/B07NWL3ZHN/ref=sr_1_49?dib=eyJ2IjoiMSJ9.aIjDzUlWZgXEMSFUtwXeIyxf9P9wAgKIrw_-Cgh3J710zu5Pyh2K_GB2mpCltgIJD09-tGVB67j5iOxKMe7A0uIvHKZif37qd8oablpgbII_j70c-M4aMDwzpqQR3hK604XBqflPRP_hP-ofBWDV1u7dt88IYzlnvFCjoZs5mAbrZIt86AFlOS_Hv7TM4UmkgCvEYEn4DYCM7EaeOQX0rbyfNX2dMJt1_7_gerPPPACfgFcK9CmSpdZpy-pJDTJvD506UIh4SO8mRecGkTXrtsmBD_T1-pNsfVFT2CoM5IQ.ex02NEUvmvdDEkvFGAui_SaRp82sC5DyA4Jkos8DBSQ&dib_tag=se&keywords=clutches&qid=1747736282&sr=8-49,https://m.media-amazon.com/images/I/91ERxPYUY1L._AC_UL320_.jpg,₹439,"₹4,999"
Lavie,https://www.amazon.in/Lavie-Womens-Framed-Ladies-purse/dp/B0DZBT8Z9W/ref=sr_1_50?dib=eyJ2IjoiMSJ9.aIjDzUlWZgXEMSFUtwXeIyxf9P9wAgKIrw_-Cgh3J710zu5Pyh2K_GB2mpCltgIJD09-tGVB67j5iOxKMe7A0uIvHKZif37qd8oablpgbII_j70c-M4aMDwzpqQR3hK604XBqflPRP_hP-ofBWDV1u7dt88IYzlnvFCjoZs5mAbrZIt86AFlOS_Hv7TM4UmkgCvEYEn4DYCM7EaeOQX0rbyfNX2dMJt1_7_gerPPPACfgFcK9CmSpdZpy-pJDTJvD506UIh4SO8mRecGkTXrtsmBD_T1-pNsfVFT2CoM5IQ.ex02NEUvmvdDEkvFGAui_SaRp82sC5DyA4Jkos8DBSQ&dib_tag=se&keywords=clutches&qid=1747736282&sr=8-50,https://m.media-amazon.com/images/I/61dMIx-sUyL._AC_UL320_.jpg,₹799,"₹2,699"
DUCHESS,https://www.amazon.in/DUCHESS-Womens-Beaded-Clutch-Wedding/dp/B0CQG93BYS/ref=sr_1_51?dib=eyJ2IjoiMSJ9.aIjDzUlWZgXEMSFUtwXeIyxf9P9wAgKIrw_-Cgh3J710zu5Pyh2K_GB2mpCltgIJD09-tGVB67j5iOxKMe7A0uIvHKZif37qd8oablpgbII_j70c-M4aMDwzpqQR3hK604XBqflPRP_hP-ofBWDV1u7dt88IYzlnvFCjoZs5mAbrZIt86AFlOS_Hv7TM4UmkgCvEYEn4DYCM7EaeOQX0rbyfNX2dMJt1_7_gerPPPACfgFcK9CmSpdZpy-pJDTJvD506UIh4SO8mRecGkTXrtsmBD_T1-pNsfVFT2CoM5IQ.ex02NEUvmvdDEkvFGAui_SaRp82sC5DyA4Jkos8DBSQ&dib_tag=se&keywords=clutches&qid=1747736282&sr=8-51,https://m.media-amazon.com/images/I/71boyJkyGPL._AC_UL320_.jpg,₹999,"₹2,499"
ALSU,https://www.amazon.in/ALSU-Maroon-Leather-Womens-LDU-012Maroon/dp/B08M435QQY/ref=sr_1_52?dib=eyJ2IjoiMSJ9.aIjDzUlWZgXEMSFUtwXeIyxf9P9wAgKIrw_-Cgh3J710zu5Pyh2K_GB2mpCltgIJD09-tGVB67j5iOxKMe7A0uIvHKZif37qd8oablpgbII_j70c-M4aMDwzpqQR3hK604XBqflPRP_hP-ofBWDV1u7dt88IYzlnvFCjoZs5mAbrZIt86AFlOS_Hv7TM4UmkgCvEYEn4DYCM7EaeOQX0rbyfNX2dMJt1_7_gerPPPACfgFcK9CmSpdZpy-pJDTJvD506UIh4SO8mRecGkTXrtsmBD_T1-pNsfVFT2CoM5IQ.ex02NEUvmvdDEkvFGAui_SaRp82sC5DyA4Jkos8DBSQ&dib_tag=se&keywords=clutches&qid=1747736282&sr=8-52,https://m.media-amazon.com/images/I/71bjEQrprCL._AC_UL320_.jpg,₹322,"₹1,499"
ADISA,https://www.amazon.in/ADISA-Womens-Girls-Sling-SL5010-CRE_Off/dp/B083L571MQ/ref=sr_1_53?dib=eyJ2IjoiMSJ9.aIjDzUlWZgXEMSFUtwXeIyxf9P9wAgKIrw_-Cgh3J710zu5Pyh2K_GB2mpCltgIJD09-tGVB67j5iOxKMe7A0uIvHKZif37qd8oablpgbII_j70c-M4aMDwzpqQR3hK604XBqflPRP_hP-ofBWDV1u7dt88IYzlnvFCjoZs5mAbrZIt86AFlOS_Hv7TM4UmkgCvEYEn4DYCM7EaeOQX0rbyfNX2dMJt1_7_gerPPPACfgFcK9CmSpdZpy-pJDTJvD506UIh4SO8mRecGkTXrtsmBD_T1-pNsfVFT2CoM5IQ.ex02NEUvmvdDEkvFGAui_SaRp82sC5DyA4Jkos8DBSQ&dib_tag=se&keywords=clutches&qid=1747736282&sr=8-53,https://m.media-amazon.com/images/I/71XarSGYpgL._AC_UL320_.jpg,₹398,"₹1,499"
ADISA,https://www.amazon.in/ADISA-Studded-formal-clutch-CL107-COP/dp/B0CW1KZYSY/ref=sr_1_54?dib=eyJ2IjoiMSJ9.aIjDzUlWZgXEMSFUtwXeIyxf9P9wAgKIrw_-Cgh3J710zu5Pyh2K_GB2mpCltgIJD09-tGVB67j5iOxKMe7A0uIvHKZif37qd8oablpgbII_j70c-M4aMDwzpqQR3hK604XBqflPRP_hP-ofBWDV1u7dt88IYzlnvFCjoZs5mAbrZIt86AFlOS_Hv7TM4UmkgCvEYEn4DYCM7EaeOQX0rbyfNX2dMJt1_7_gerPPPACfgFcK9CmSpdZpy-pJDTJvD506UIh4SO8mRecGkTXrtsmBD_T1-pNsfVFT2CoM5IQ.ex02NEUvmvdDEkvFGAui_SaRp82sC5DyA4Jkos8DBSQ&dib_tag=se&keywords=clutches&qid=1747736282&sr=8-54,https://m.media-amazon.com/images/I/91MxXY9r68L._AC_UL320_.jpg,₹598,"₹1,499"
SHAKTISM,https://www.amazon.in/SHAKTISM-Rhinestone-Womens-Clutches-Clutches-Golden/dp/B0DY1H8CN4/ref=sr_1_55?dib=eyJ2IjoiMSJ9.aIjDzUlWZgXEMSFUtwXeIyxf9P9wAgKIrw_-Cgh3J710zu5Pyh2K_GB2mpCltgIJD09-tGVB67j5iOxKMe7A0uIvHKZif37qd8oablpgbII_j70c-M4aMDwzpqQR3hK604XBqflPRP_hP-ofBWDV1u7dt88IYzlnvFCjoZs5mAbrZIt86AFlOS_Hv7TM4UmkgCvEYEn4DYCM7EaeOQX0rbyfNX2dMJt1_7_gerPPPACfgFcK9CmSpdZpy-pJDTJvD506UIh4SO8mRecGkTXrtsmBD_T1-pNsfVFT2CoM5IQ.ex02NEUvmvdDEkvFGAui_SaRp82sC5DyA4Jkos8DBSQ&dib_tag=se&keywords=clutches&qid=1747736282&sr=8-55,https://m.media-amazon.com/images/I/51rhDNlzMbL._AC_UL320_.jpg,₹299,₹999
Fashion OVERSEAS,https://www.amazon.in/Fashion-OVERSEAS-beaded-designer-clutch/dp/B0BVG6Z38B/ref=sr_1_56?dib=eyJ2IjoiMSJ9.aIjDzUlWZgXEMSFUtwXeIyxf9P9wAgKIrw_-Cgh3J710zu5Pyh2K_GB2mpCltgIJD09-tGVB67j5iOxKMe7A0uIvHKZif37qd8oablpgbII_j70c-M4aMDwzpqQR3hK604XBqflPRP_hP-ofBWDV1u7dt88IYzlnvFCjoZs5mAbrZIt86AFlOS_Hv7TM4UmkgCvEYEn4DYCM7EaeOQX0rbyfNX2dMJt1_7_gerPPPACfgFcK9CmSpdZpy-pJDTJvD506UIh4SO8mRecGkTXrtsmBD_T1-pNsfVFT2CoM5IQ.ex02NEUvmvdDEkvFGAui_SaRp82sC5DyA4Jkos8DBSQ&dib_tag=se&keywords=clutches&qid=1747736282&sr=8-56,https://m.media-amazon.com/images/I/71LwJE9-KFL._AC_UL320_.jpg,₹520,₹595
INOVERA (LABEL),https://www.amazon.in/sspa/click?ie=UTF8&spc=MToxMzg2Njk0ODM4MzI0MTAwOjE3NDc3MzYyODM6c3BfYnRmOjMwMDIzNzIwOTkwNTYzMjo6MDo6&url=%2FINOVERA-LABEL-Evening-Clutch-Wedding%2Fdp%2FB0D87DYFD3%2Fref%3Dsr_1_57_sspa%3Fdib%3DeyJ2IjoiMSJ9.aIjDzUlWZgXEMSFUtwXeIyxf9P9wAgKIrw_-Cgh3J710zu5Pyh2K_GB2mpCltgIJD09-tGVB67j5iOxKMe7A0uIvHKZif37qd8oablpgbII_j70c-M4aMDwzpqQR3hK604XBqflPRP_hP-ofBWDV1u7dt88IYzlnvFCjoZs5mAbrZIt86AFlOS_Hv7TM4UmkgCvEYEn4DYCM7EaeOQX0rbyfNX2dMJt1_7_gerPPPACfgFcK9CmSpdZpy-pJDTJvD506UIh4SO8mRecGkTXrtsmBD_T1-pNsfVFT2CoM5IQ.ex02NEUvmvdDEkvFGAui_SaRp82sC5DyA4Jkos8DBSQ%26dib_tag%3Dse%26keywords%3Dclutches%26qid%3D1747736282%26sr%3D8-57-spons%26sp_csd%3Dd2lkZ2V0TmFtZT1zcF9idGY%26psc%3D1,https://m.media-amazon.com/images/I/61F-SyaDVpL._AC_UL320_.jpg,₹949,"₹1,999"
PEORA,https://www.amazon.in/sspa/click?ie=UTF8&spc=MToxMzg2Njk0ODM4MzI0MTAwOjE3NDc3MzYyODM6c3BfYnRmOjMwMDE1NzI2NzY5NjAzMjo6MDo6&url=%2FPeora-Wedding-Handmade-Handbags-C37G%2Fdp%2FB09XXP1Q59%2Fref%3Dsr_1_58_sspa%3Fdib%3DeyJ2IjoiMSJ9.aIjDzUlWZgXEMSFUtwXeIyxf9P9wAgKIrw_-Cgh3J710zu5Pyh2K_GB2mpCltgIJD09-tGVB67j5iOxKMe7A0uIvHKZif37qd8oablpgbII_j70c-M4aMDwzpqQR3hK604XBqflPRP_hP-ofBWDV1u7dt88IYzlnvFCjoZs5mAbrZIt86AFlOS_Hv7TM4UmkgCvEYEn4DYCM7EaeOQX0rbyfNX2dMJt1_7_gerPPPACfgFcK9CmSpdZpy-pJDTJvD506UIh4SO8mRecGkTXrtsmBD_T1-pNsfVFT2CoM5IQ.ex02NEUvmvdDEkvFGAui_SaRp82sC5DyA4Jkos8DBSQ%26dib_tag%3Dse%26keywords%3Dclutches%26qid%3D1747736282%26sr%3D8-58-spons%26sp_csd%3Dd2lkZ2V0TmFtZT1zcF9idGY%26psc%3D1,https://m.media-amazon.com/images/I/81LDPdaw1AL._AC_UL320_.jpg,"₹1,785","₹7,745"
PEORA,https://www.amazon.in/sspa/click?ie=UTF8&spc=MToxMzg2Njk0ODM4MzI0MTAwOjE3NDc3MzYyODM6c3BfYnRmOjMwMDE1NzI5NTUwOTEzMjo6MDo6&url=%2FPeora-Handmade-Evening-Handbag-Stylish%2Fdp%2FB0BSV7C47H%2Fref%3Dsr_1_59_sspa%3Fdib%3DeyJ2IjoiMSJ9.aIjDzUlWZgXEMSFUtwXeIyxf9P9wAgKIrw_-Cgh3J710zu5Pyh2K_GB2mpCltgIJD09-tGVB67j5iOxKMe7A0uIvHKZif37qd8oablpgbII_j70c-M4aMDwzpqQR3hK604XBqflPRP_hP-ofBWDV1u7dt88IYzlnvFCjoZs5mAbrZIt86AFlOS_Hv7TM4UmkgCvEYEn4DYCM7EaeOQX0rbyfNX2dMJt1_7_gerPPPACfgFcK9CmSpdZpy-pJDTJvD506UIh4SO8mRecGkTXrtsmBD_T1-pNsfVFT2CoM5IQ.ex02NEUvmvdDEkvFGAui_SaRp82sC5DyA4Jkos8DBSQ%26dib_tag%3Dse%26keywords%3Dclutches%26qid%3D1747736282%26sr%3D8-59-spons%26sp_csd%3Dd2lkZ2V0TmFtZT1zcF9idGY%26psc%3D1,https://m.media-amazon.com/images/I/61c3WZRX9UL._AC_UL320_.jpg,"₹1,849","₹8,495"
BIH,https://www.amazon.in/sspa/click?ie=UTF8&spc=MToxMzg2Njk0ODM4MzI0MTAwOjE3NDc3MzYyODM6c3BfYnRmOjMwMDQ0ODU1NDMxMjAzMjo6MDo6&url=%2FBIH-Luxury-Red-Resin-Clutch%2Fdp%2FB0CHF3NS81%2Fref%3Dsr_1_60_sspa%3Fdib%3DeyJ2IjoiMSJ9.aIjDzUlWZgXEMSFUtwXeIyxf9P9wAgKIrw_-Cgh3J710zu5Pyh2K_GB2mpCltgIJD09-tGVB67j5iOxKMe7A0uIvHKZif37qd8oablpgbII_j70c-M4aMDwzpqQR3hK604XBqflPRP_hP-ofBWDV1u7dt88IYzlnvFCjoZs5mAbrZIt86AFlOS_Hv7TM4UmkgCvEYEn4DYCM7EaeOQX0rbyfNX2dMJt1_7_gerPPPACfgFcK9CmSpdZpy-pJDTJvD506UIh4SO8mRecGkTXrtsmBD_T1-pNsfVFT2CoM5IQ.ex02NEUvmvdDEkvFGAui_SaRp82sC5DyA4Jkos8DBSQ%26dib_tag%3Dse%26keywords%3Dclutches%26qid%3D1747736282%26sr%3D8-60-spons%26sp_csd%3Dd2lkZ2V0TmFtZT1zcF9idGY%26psc%3D1,https://m.media-amazon.com/images/I/61-ijUPxokL._AC_UL320_.jpg,"₹1,199","₹1,899"
New Style Handicraft,https://www.amazon.in/sspa/click?ie=UTF8&spc=MTo0NDY0Njk5MTcwMzc2MTk5OjE3NDc3MzYyODg6c3BfYXRmX25leHQ6MzAwNTY2MjcyODc4MTMyOjowOjo&url=%2FNew-Style-Handicraft-Celebrities-White%2Fdp%2FB0CG6DRBHP%2Fref%3Dsr_1_49_sspa%3Fdib%3DeyJ2IjoiMSJ9.WBjjKHpNjEn9ZIiQ2LWL_IWa8t2IxnyiGI-Zf5SYkJWT4T7nGBq59_Mz0NmM00mGzvX-xb8DRD0RoBPH7ufrJNwjYycZ-23WHSv6SB0TcaU41QOUnwLFZ0gkC1jTzugGjqWiFfp8cRcwfpPc9Db-9OOQ66_02HvH_VEOthUt4plwod4hNFhO7DNuVHkiVFp6urZQdZaGidIOVhNJ5Bev2W3bli6EvNTYb0OvJDhGJyyRLHdD2crFgtM92oc8_RmO7JTHiP-hEh-10F9aZjF3zi2-bm4s1Ndtokq1XwW-SPw.y4tsrtnPQqInXz0KeFmfLkGgOUJpY2MQE6cza5kOvTs%26dib_tag%3Dse%26keywords%3Dclutches%26qid%3D1747736288%26sr%3D8-49-spons%26sp_csd%3Dd2lkZ2V0TmFtZT1zcF9hdGZfbmV4dA%26psc%3D1,https://m.media-amazon.com/images/I/51oDNaYCN8L._AC_UL320_.jpg,₹997,"₹2,999"
New Style Handicraft,https://www.amazon.in/sspa/click?ie=UTF8&spc=MTo0NDY0Njk5MTcwMzc2MTk5OjE3NDc3MzYyODg6c3BfYXRmX25leHQ6MzAwNTY2MjcyODc4MjMyOjowOjo&url=%2FNew-Style-Handicraft-Removable-Multicolor%2Fdp%2FB0CF9W4RGR%2Fref%3Dsr_1_50_sspa%3Fdib%3DeyJ2IjoiMSJ9.WBjjKHpNjEn9ZIiQ2LWL_IWa8t2IxnyiGI-Zf5SYkJWT4T7nGBq59_Mz0NmM00mGzvX-xb8DRD0RoBPH7ufrJNwjYycZ-23WHSv6SB0TcaU41QOUnwLFZ0gkC1jTzugGjqWiFfp8cRcwfpPc9Db-9OOQ66_02HvH_VEOthUt4plwod4hNFhO7DNuVHkiVFp6urZQdZaGidIOVhNJ5Bev2W3bli6EvNTYb0OvJDhGJyyRLHdD2crFgtM92oc8_RmO7JTHiP-hEh-10F9aZjF3zi2-bm4s1Ndtokq1XwW-SPw.y4tsrtnPQqInXz0KeFmfLkGgOUJpY2MQE6cza5kOvTs%26dib_tag%3Dse%26keywords%3Dclutches%26qid%3D1747736288%26sr%3D8-50-spons%26sp_csd%3Dd2lkZ2V0TmFtZT1zcF9hdGZfbmV4dA%26psc%3D1,https://m.media-amazon.com/images/I/51edfb4EW3L._AC_UL320_.jpg,"₹1,037.82","₹1,299"
New Style Handicraft,https://www.amazon.in/sspa/click?ie=UTF8&spc=MTo0NDY0Njk5MTcwMzc2MTk5OjE3NDc3MzYyODg6c3BfYXRmX25leHQ6MzAwMjI5NTU0NTc3MDMyOjowOjo&url=%2FNew-Style-Handicraft-Acrylic-Removable%2Fdp%2FB0CM9LXQGT%2Fref%3Dsr_1_51_sspa%3Fdib%3DeyJ2IjoiMSJ9.WBjjKHpNjEn9ZIiQ2LWL_IWa8t2IxnyiGI-Zf5SYkJWT4T7nGBq59_Mz0NmM00mGzvX-xb8DRD0RoBPH7ufrJNwjYycZ-23WHSv6SB0TcaU41QOUnwLFZ0gkC1jTzugGjqWiFfp8cRcwfpPc9Db-9OOQ66_02HvH_VEOthUt4plwod4hNFhO7DNuVHkiVFp6urZQdZaGidIOVhNJ5Bev2W3bli6EvNTYb0OvJDhGJyyRLHdD2crFgtM92oc8_RmO7JTHiP-hEh-10F9aZjF3zi2-bm4s1Ndtokq1XwW-SPw.y4tsrtnPQqInXz0KeFmfLkGgOUJpY2MQE6cza5kOvTs%26dib_tag%3Dse%26keywords%3Dclutches%26qid%3D1747736288%26sr%3D8-51-spons%26sp_csd%3Dd2lkZ2V0TmFtZT1zcF9hdGZfbmV4dA%26psc%3D1,https://m.media-amazon.com/images/I/612-deMv+qL._AC_UL320_.jpg,"₹1,093","₹1,299"
New Style Handicraft,https://www.amazon.in/sspa/click?ie=UTF8&spc=MTo0NDY0Njk5MTcwMzc2MTk5OjE3NDc3MzYyODg6c3BfYXRmX25leHQ6MzAwNTY2MjcyODc3MjMyOjowOjo&url=%2FNew-Style-Handicraft-Clutches-Celebrities%2Fdp%2FB0CG6FQKBC%2Fref%3Dsr_1_52_sspa%3Fdib%3DeyJ2IjoiMSJ9.WBjjKHpNjEn9ZIiQ2LWL_IWa8t2IxnyiGI-Zf5SYkJWT4T7nGBq59_Mz0NmM00mGzvX-xb8DRD0RoBPH7ufrJNwjYycZ-23WHSv6SB0TcaU41QOUnwLFZ0gkC1jTzugGjqWiFfp8cRcwfpPc9Db-9OOQ66_02HvH_VEOthUt4plwod4hNFhO7DNuVHkiVFp6urZQdZaGidIOVhNJ5Bev2W3bli6EvNTYb0OvJDhGJyyRLHdD2crFgtM92oc8_RmO7JTHiP-hEh-10F9aZjF3zi2-bm4s1Ndtokq1XwW-SPw.y4tsrtnPQqInXz0KeFmfLkGgOUJpY2MQE6cza5kOvTs%26dib_tag%3Dse%26keywords%3Dclutches%26qid%3D1747736288%26sr%3D8-52-spons%26sp_csd%3Dd2lkZ2V0TmFtZT1zcF9hdGZfbmV4dA%26psc%3D1,https://m.media-amazon.com/images/I/61+hJiySAxL._AC_UL320_.jpg,₹943,"₹1,999"
Lavie,https://www.amazon.in/Lavie-Womens-Framed-Clutch-Handbag/dp/B0D92LJ1GJ/ref=sr_1_53?dib=eyJ2IjoiMSJ9.WBjjKHpNjEn9ZIiQ2LWL_IWa8t2IxnyiGI-Zf5SYkJWT4T7nGBq59_Mz0NmM00mGzvX-xb8DRD0RoBPH7ufrJNwjYycZ-23WHSv6SB0TcaU41QOUnwLFZ0gkC1jTzugGjqWiFfp8cRcwfpPc9Db-9OOQ66_02HvH_VEOthUt4plwod4hNFhO7DNuVHkiVFp6urZQdZaGidIOVhNJ5Bev2W3bli6EvNTYb0OvJDhGJyyRLHdD2crFgtM92oc8_RmO7JTHiP-hEh-10F9aZjF3zi2-bm4s1Ndtokq1XwW-SPw.y4tsrtnPQqInXz0KeFmfLkGgOUJpY2MQE6cza5kOvTs&dib_tag=se&keywords=clutches&qid=1747736288&sr=8-53,https://m.media-amazon.com/images/I/61RVdm5WPkL._AC_UL320_.jpg,"₹1,099","₹3,299"
VELUCIA,https://www.amazon.in/VELUCIA-Womens-Embroidered-Floral-Clutch/dp/B0DRY85PK6/ref=sr_1_54?dib=eyJ2IjoiMSJ9.WBjjKHpNjEn9ZIiQ2LWL_IWa8t2IxnyiGI-Zf5SYkJWT4T7nGBq59_Mz0NmM00mGzvX-xb8DRD0RoBPH7ufrJNwjYycZ-23WHSv6SB0TcaU41QOUnwLFZ0gkC1jTzugGjqWiFfp8cRcwfpPc9Db-9OOQ66_02HvH_VEOthUt4plwod4hNFhO7DNuVHkiVFp6urZQdZaGidIOVhNJ5Bev2W3bli6EvNTYb0OvJDhGJyyRLHdD2crFgtM92oc8_RmO7JTHiP-hEh-10F9aZjF3zi2-bm4s1Ndtokq1XwW-SPw.y4tsrtnPQqInXz0KeFmfLkGgOUJpY2MQE6cza5kOvTs&dib_tag=se&keywords=clutches&qid=1747736288&sr=8-54,https://m.media-amazon.com/images/I/81nOnz9XB+L._AC_UL320_.jpg,₹599,"₹1,999"
TOOBA,https://www.amazon.in/Tooba-Womens-Clutch-Flower-7x4_Green/dp/B084D7MBLZ/ref=sr_1_55?dib=eyJ2IjoiMSJ9.WBjjKHpNjEn9ZIiQ2LWL_IWa8t2IxnyiGI-Zf5SYkJWT4T7nGBq59_Mz0NmM00mGzvX-xb8DRD0RoBPH7ufrJNwjYycZ-23WHSv6SB0TcaU41QOUnwLFZ0gkC1jTzugGjqWiFfp8cRcwfpPc9Db-9OOQ66_02HvH_VEOthUt4plwod4hNFhO7DNuVHkiVFp6urZQdZaGidIOVhNJ5Bev2W3bli6EvNTYb0OvJDhGJyyRLHdD2crFgtM92oc8_RmO7JTHiP-hEh-10F9aZjF3zi2-bm4s1Ndtokq1XwW-SPw.y4tsrtnPQqInXz0KeFmfLkGgOUJpY2MQE6cza5kOvTs&dib_tag=se&keywords=clutches&qid=1747736288&sr=8-55,https://m.media-amazon.com/images/I/81GTC+NBsZL._AC_UL320_.jpg,₹624,"₹4,999"
TOOBA,https://www.amazon.in/Tooba-Womens-Clutch-Flower-7x4_Black/dp/B083R914QS/ref=sr_1_56?dib=eyJ2IjoiMSJ9.WBjjKHpNjEn9ZIiQ2LWL_IWa8t2IxnyiGI-Zf5SYkJWT4T7nGBq59_Mz0NmM00mGzvX-xb8DRD0RoBPH7ufrJNwjYycZ-23WHSv6SB0TcaU41QOUnwLFZ0gkC1jTzugGjqWiFfp8cRcwfpPc9Db-9OOQ66_02HvH_VEOthUt4plwod4hNFhO7DNuVHkiVFp6urZQdZaGidIOVhNJ5Bev2W3bli6EvNTYb0OvJDhGJyyRLHdD2crFgtM92oc8_RmO7JTHiP-hEh-10F9aZjF3zi2-bm4s1Ndtokq1XwW-SPw.y4tsrtnPQqInXz0KeFmfLkGgOUJpY2MQE6cza5kOvTs&dib_tag=se&keywords=clutches&qid=1747736288&sr=8-56,https://m.media-amazon.com/images/I/71YlKUgJHgL._AC_UL320_.jpg,₹565,"₹4,999"
INOVERA (LABEL),https://www.amazon.in/INOVERA-LABEL-Ladies-Evening-Wedding/dp/B08MZVMPTK/ref=sr_1_57?dib=eyJ2IjoiMSJ9.WBjjKHpNjEn9ZIiQ2LWL_IWa8t2IxnyiGI-Zf5SYkJWT4T7nGBq59_Mz0NmM00mGzvX-xb8DRD0RoBPH7ufrJNwjYycZ-23WHSv6SB0TcaU41QOUnwLFZ0gkC1jTzugGjqWiFfp8cRcwfpPc9Db-9OOQ66_02HvH_VEOthUt4plwod4hNFhO7DNuVHkiVFp6urZQdZaGidIOVhNJ5Bev2W3bli6EvNTYb0OvJDhGJyyRLHdD2crFgtM92oc8_RmO7JTHiP-hEh-10F9aZjF3zi2-bm4s1Ndtokq1XwW-SPw.y4tsrtnPQqInXz0KeFmfLkGgOUJpY2MQE6cza5kOvTs&dib_tag=se&keywords=clutches&qid=1747736288&sr=8-57,https://m.media-amazon.com/images/I/71BI7XotvRL._AC_UL320_.jpg,₹889,"₹1,799"
BIH,https://www.amazon.in/BIH-Clutches-Celebrities-Purse-Multicolor/dp/B0BMPXV7FQ/ref=sr_1_58?dib=eyJ2IjoiMSJ9.WBjjKHpNjEn9ZIiQ2LWL_IWa8t2IxnyiGI-Zf5SYkJWT4T7nGBq59_Mz0NmM00mGzvX-xb8DRD0RoBPH7ufrJNwjYycZ-23WHSv6SB0TcaU41QOUnwLFZ0gkC1jTzugGjqWiFfp8cRcwfpPc9Db-9OOQ66_02HvH_VEOthUt4plwod4hNFhO7DNuVHkiVFp6urZQdZaGidIOVhNJ5Bev2W3bli6EvNTYb0OvJDhGJyyRLHdD2crFgtM92oc8_RmO7JTHiP-hEh-10F9aZjF3zi2-bm4s1Ndtokq1XwW-SPw.y4tsrtnPQqInXz0KeFmfLkGgOUJpY2MQE6cza5kOvTs&dib_tag=se&keywords=clutches&qid=1747736288&sr=8-58,https://m.media-amazon.com/images/I/51b59j29P7L._AC_UL320_.jpg,"₹1,160","₹1,999"
SHAKUNTLA VINTAGE,https://www.amazon.in/Shakuntala-Textiles-Bridal-Antique-Handmade/dp/B09GKLM5SP/ref=sr_1_59?dib=eyJ2IjoiMSJ9.WBjjKHpNjEn9ZIiQ2LWL_IWa8t2IxnyiGI-Zf5SYkJWT4T7nGBq59_Mz0NmM00mGzvX-xb8DRD0RoBPH7ufrJNwjYycZ-23WHSv6SB0TcaU41QOUnwLFZ0gkC1jTzugGjqWiFfp8cRcwfpPc9Db-9OOQ66_02HvH_VEOthUt4plwod4hNFhO7DNuVHkiVFp6urZQdZaGidIOVhNJ5Bev2W3bli6EvNTYb0OvJDhGJyyRLHdD2crFgtM92oc8_RmO7JTHiP-hEh-10F9aZjF3zi2-bm4s1Ndtokq1XwW-SPw.y4tsrtnPQqInXz0KeFmfLkGgOUJpY2MQE6cza5kOvTs&dib_tag=se&keywords=clutches&qid=1747736288&sr=8-59,https://m.media-amazon.com/images/I/61+BR9+6aoL._AC_UL320_.jpg,₹597,"₹1,599"
TOOBA,https://www.amazon.in/Womens-Handicraft-Embroidered-Velvet-Clutch/dp/B01KUVTO14/ref=sr_1_60?dib=eyJ2IjoiMSJ9.WBjjKHpNjEn9ZIiQ2LWL_IWa8t2IxnyiGI-Zf5SYkJWT4T7nGBq59_Mz0NmM00mGzvX-xb8DRD0RoBPH7ufrJNwjYycZ-23WHSv6SB0TcaU41QOUnwLFZ0gkC1jTzugGjqWiFfp8cRcwfpPc9Db-9OOQ66_02HvH_VEOthUt4plwod4hNFhO7DNuVHkiVFp6urZQdZaGidIOVhNJ5Bev2W3bli6EvNTYb0OvJDhGJyyRLHdD2crFgtM92oc8_RmO7JTHiP-hEh-10F9aZjF3zi2-bm4s1Ndtokq1XwW-SPw.y4tsrtnPQqInXz0KeFmfLkGgOUJpY2MQE6cza5kOvTs&dib_tag=se&keywords=clutches&qid=1747736288&sr=8-60,https://m.media-amazon.com/images/I/9103tdf7-oL._AC_UL320_.jpg,₹836,"₹4,999"
ADISA,https://www.amazon.in/ADISA-SL5022-women-girls-party/dp/B07XH3Z5J9/ref=sr_1_61?dib=eyJ2IjoiMSJ9.WBjjKHpNjEn9ZIiQ2LWL_IWa8t2IxnyiGI-Zf5SYkJWT4T7nGBq59_Mz0NmM00mGzvX-xb8DRD0RoBPH7ufrJNwjYycZ-23WHSv6SB0TcaU41QOUnwLFZ0gkC1jTzugGjqWiFfp8cRcwfpPc9Db-9OOQ66_02HvH_VEOthUt4plwod4hNFhO7DNuVHkiVFp6urZQdZaGidIOVhNJ5Bev2W3bli6EvNTYb0OvJDhGJyyRLHdD2crFgtM92oc8_RmO7JTHiP-hEh-10F9aZjF3zi2-bm4s1Ndtokq1XwW-SPw.y4tsrtnPQqInXz0KeFmfLkGgOUJpY2MQE6cza5kOvTs&dib_tag=se&keywords=clutches&qid=1747736288&sr=8-61,https://m.media-amazon.com/images/I/71b8eDHLFBL._AC_UL320_.jpg,₹497,"₹1,499"
For The Beautiful You,https://www.amazon.in/Beautiful-You-Superstar-Womens-Clutch/dp/B093DDXHZT/ref=sr_1_62?dib=eyJ2IjoiMSJ9.WBjjKHpNjEn9ZIiQ2LWL_IWa8t2IxnyiGI-Zf5SYkJWT4T7nGBq59_Mz0NmM00mGzvX-xb8DRD0RoBPH7ufrJNwjYycZ-23WHSv6SB0TcaU41QOUnwLFZ0gkC1jTzugGjqWiFfp8cRcwfpPc9Db-9OOQ66_02HvH_VEOthUt4plwod4hNFhO7DNuVHkiVFp6urZQdZaGidIOVhNJ5Bev2W3bli6EvNTYb0OvJDhGJyyRLHdD2crFgtM92oc8_RmO7JTHiP-hEh-10F9aZjF3zi2-bm4s1Ndtokq1XwW-SPw.y4tsrtnPQqInXz0KeFmfLkGgOUJpY2MQE6cza5kOvTs&dib_tag=se&keywords=clutches&qid=1747736288&sr=8-62,https://m.media-amazon.com/images/I/91bku7FfAlS._AC_UL320_.jpg,₹388,"₹1,499"
generic,https://www.amazon.in/Umera-Clutch-Wristlet-Black-women/dp/B08VH4CJYM/ref=sr_1_63?dib=eyJ2IjoiMSJ9.WBjjKHpNjEn9ZIiQ2LWL_IWa8t2IxnyiGI-Zf5SYkJWT4T7nGBq59_Mz0NmM00mGzvX-xb8DRD0RoBPH7ufrJNwjYycZ-23WHSv6SB0TcaU41QOUnwLFZ0gkC1jTzugGjqWiFfp8cRcwfpPc9Db-9OOQ66_02HvH_VEOthUt4plwod4hNFhO7DNuVHkiVFp6urZQdZaGidIOVhNJ5Bev2W3bli6EvNTYb0OvJDhGJyyRLHdD2crFgtM92oc8_RmO7JTHiP-hEh-10F9aZjF3zi2-bm4s1Ndtokq1XwW-SPw.y4tsrtnPQqInXz0KeFmfLkGgOUJpY2MQE6cza5kOvTs&dib_tag=se&keywords=clutches&qid=1747736288&sr=8-63,https://m.media-amazon.com/images/I/810Fwp5qjkL._AC_UL320_.jpg,₹701,"₹1,999"
Fiesto Fashion,https://www.amazon.in/Fiesto-Fashion-Womens-Leather-Fashionable/dp/B09Q4TQBX3/ref=sr_1_64?dib=eyJ2IjoiMSJ9.WBjjKHpNjEn9ZIiQ2LWL_IWa8t2IxnyiGI-Zf5SYkJWT4T7nGBq59_Mz0NmM00mGzvX-xb8DRD0RoBPH7ufrJNwjYycZ-23WHSv6SB0TcaU41QOUnwLFZ0gkC1jTzugGjqWiFfp8cRcwfpPc9Db-9OOQ66_02HvH_VEOthUt4plwod4hNFhO7DNuVHkiVFp6urZQdZaGidIOVhNJ5Bev2W3bli6EvNTYb0OvJDhGJyyRLHdD2crFgtM92oc8_RmO7JTHiP-hEh-10F9aZjF3zi2-bm4s1Ndtokq1XwW-SPw.y4tsrtnPQqInXz0KeFmfLkGgOUJpY2MQE6cza5kOvTs&dib_tag=se&keywords=clutches&qid=1747736288&sr=8-64,https://m.media-amazon.com/images/I/91Kw2s1fFHL._AC_UL320_.jpg,₹425,₹999
INOVERA (LABEL),https://www.amazon.in/INOVERA-LABEL-Leather-Womens-Bi-fold/dp/B094QQV3RZ/ref=sr_1_65?dib=eyJ2IjoiMSJ9.WBjjKHpNjEn9ZIiQ2LWL_IWa8t2IxnyiGI-Zf5SYkJWT4T7nGBq59_Mz0NmM00mGzvX-xb8DRD0RoBPH7ufrJNwjYycZ-23WHSv6SB0TcaU41QOUnwLFZ0gkC1jTzugGjqWiFfp8cRcwfpPc9Db-9OOQ66_02HvH_VEOthUt4plwod4hNFhO7DNuVHkiVFp6urZQdZaGidIOVhNJ5Bev2W3bli6EvNTYb0OvJDhGJyyRLHdD2crFgtM92oc8_RmO7JTHiP-hEh-10F9aZjF3zi2-bm4s1Ndtokq1XwW-SPw.y4tsrtnPQqInXz0KeFmfLkGgOUJpY2MQE6cza5kOvTs&dib_tag=se&keywords=clutches&qid=1747736288&sr=8-65,https://m.media-amazon.com/images/I/61drxdnk7-L._AC_UL320_.jpg,₹549,₹999
TOOBA,https://www.amazon.in/TOOBA-Handicraft-Embroidered-6x4-Wedding/dp/B073TTHGX5/ref=sr_1_66?dib=eyJ2IjoiMSJ9.WBjjKHpNjEn9ZIiQ2LWL_IWa8t2IxnyiGI-Zf5SYkJWT4T7nGBq59_Mz0NmM00mGzvX-xb8DRD0RoBPH7ufrJNwjYycZ-23WHSv6SB0TcaU41QOUnwLFZ0gkC1jTzugGjqWiFfp8cRcwfpPc9Db-9OOQ66_02HvH_VEOthUt4plwod4hNFhO7DNuVHkiVFp6urZQdZaGidIOVhNJ5Bev2W3bli6EvNTYb0OvJDhGJyyRLHdD2crFgtM92oc8_RmO7JTHiP-hEh-10F9aZjF3zi2-bm4s1Ndtokq1XwW-SPw.y4tsrtnPQqInXz0KeFmfLkGgOUJpY2MQE6cza5kOvTs&dib_tag=se&keywords=clutches&qid=1747736288&sr=8-66,https://m.media-amazon.com/images/I/91tWDAduCzL._AC_UL320_.jpg,₹679,"₹4,999"
TOOBA,https://www.amazon.in/Tooba-Womens-Handicraft-Bridal-Embroidered/dp/B07VGFBHQW/ref=sr_1_67?dib=eyJ2IjoiMSJ9.WBjjKHpNjEn9ZIiQ2LWL_IWa8t2IxnyiGI-Zf5SYkJWT4T7nGBq59_Mz0NmM00mGzvX-xb8DRD0RoBPH7ufrJNwjYycZ-23WHSv6SB0TcaU41QOUnwLFZ0gkC1jTzugGjqWiFfp8cRcwfpPc9Db-9OOQ66_02HvH_VEOthUt4plwod4hNFhO7DNuVHkiVFp6urZQdZaGidIOVhNJ5Bev2W3bli6EvNTYb0OvJDhGJyyRLHdD2crFgtM92oc8_RmO7JTHiP-hEh-10F9aZjF3zi2-bm4s1Ndtokq1XwW-SPw.y4tsrtnPQqInXz0KeFmfLkGgOUJpY2MQE6cza5kOvTs&dib_tag=se&keywords=clutches&qid=1747736288&sr=8-67,https://m.media-amazon.com/images/I/81qD3K3ZLAL._AC_UL320_.jpg,₹381,"₹4,999"
TOOBA,https://www.amazon.in/Tooba-Womens-Clutch-Moon_Jet-Black/dp/B0844T1HFK/ref=sr_1_68?dib=eyJ2IjoiMSJ9.WBjjKHpNjEn9ZIiQ2LWL_IWa8t2IxnyiGI-Zf5SYkJWT4T7nGBq59_Mz0NmM00mGzvX-xb8DRD0RoBPH7ufrJNwjYycZ-23WHSv6SB0TcaU41QOUnwLFZ0gkC1jTzugGjqWiFfp8cRcwfpPc9Db-9OOQ66_02HvH_VEOthUt4plwod4hNFhO7DNuVHkiVFp6urZQdZaGidIOVhNJ5Bev2W3bli6EvNTYb0OvJDhGJyyRLHdD2crFgtM92oc8_RmO7JTHiP-hEh-10F9aZjF3zi2-bm4s1Ndtokq1XwW-SPw.y4tsrtnPQqInXz0KeFmfLkGgOUJpY2MQE6cza5kOvTs&dib_tag=se&keywords=clutches&qid=1747736288&sr=8-68,https://m.media-amazon.com/images/I/71Qzg90JAFL._AC_UL320_.jpg,₹769,"₹4,999"
New Style Handicraft,https://www.amazon.in/sspa/click?ie=UTF8&spc=MTo0NDY0Njk5MTcwMzc2MTk5OjE3NDc3MzYyODg6c3BfbXRmOjMwMDIyOTU1NDU3NzYzMjo6MDo6&url=%2FNew-Style-Handicraft-Clutches-Handbag%2Fdp%2FB0CGRPXM3B%2Fref%3Dsr_1_69_sspa%3Fdib%3DeyJ2IjoiMSJ9.WBjjKHpNjEn9ZIiQ2LWL_IWa8t2IxnyiGI-Zf5SYkJWT4T7nGBq59_Mz0NmM00mGzvX-xb8DRD0RoBPH7ufrJNwjYycZ-23WHSv6SB0TcaU41QOUnwLFZ0gkC1jTzugGjqWiFfp8cRcwfpPc9Db-9OOQ66_02HvH_VEOthUt4plwod4hNFhO7DNuVHkiVFp6urZQdZaGidIOVhNJ5Bev2W3bli6EvNTYb0OvJDhGJyyRLHdD2crFgtM92oc8_RmO7JTHiP-hEh-10F9aZjF3zi2-bm4s1Ndtokq1XwW-SPw.y4tsrtnPQqInXz0KeFmfLkGgOUJpY2MQE6cza5kOvTs%26dib_tag%3Dse%26keywords%3Dclutches%26qid%3D1747736288%26sr%3D8-69-spons%26sp_csd%3Dd2lkZ2V0TmFtZT1zcF9tdGY%26psc%3D1,https://m.media-amazon.com/images/I/51muY-2oMML._AC_UL320_.jpg,"₹1,093","₹1,599"
New Style Handicraft,https://www.amazon.in/sspa/click?ie=UTF8&spc=MTo0NDY0Njk5MTcwMzc2MTk5OjE3NDc3MzYyODg6c3BfbXRmOjMwMDIyOTU1NDU3ODUzMjo6MDo6&url=%2FNew-Style-Handicraft-Clutches-Handbags%2Fdp%2FB0CG6FLLY5%2Fref%3Dsr_1_70_sspa%3Fdib%3DeyJ2IjoiMSJ9.WBjjKHpNjEn9ZIiQ2LWL_IWa8t2IxnyiGI-Zf5SYkJWT4T7nGBq59_Mz0NmM00mGzvX-xb8DRD0RoBPH7ufrJNwjYycZ-23WHSv6SB0TcaU41QOUnwLFZ0gkC1jTzugGjqWiFfp8cRcwfpPc9Db-9OOQ66_02HvH_VEOthUt4plwod4hNFhO7DNuVHkiVFp6urZQdZaGidIOVhNJ5Bev2W3bli6EvNTYb0OvJDhGJyyRLHdD2crFgtM92oc8_RmO7JTHiP-hEh-10F9aZjF3zi2-bm4s1Ndtokq1XwW-SPw.y4tsrtnPQqInXz0KeFmfLkGgOUJpY2MQE6cza5kOvTs%26dib_tag%3Dse%26keywords%3Dclutches%26qid%3D1747736288%26sr%3D8-70-spons%26sp_csd%3Dd2lkZ2V0TmFtZT1zcF9tdGY%26psc%3D1,https://m.media-amazon.com/images/I/41uTJ0OAdcL._AC_UL320_.jpg,"₹1,097","₹1,999"
New Style Handicraft,https://www.amazon.in/sspa/click?ie=UTF8&spc=MTo0NDY0Njk5MTcwMzc2MTk5OjE3NDc3MzYyODg6c3BfbXRmOjMwMDU2NjI3Mjg3NzMzMjo6MDo6&url=%2FNew-Style-Handicraft-Clutches-Crystal%2Fdp%2FB0CG6BBQ12%2Fref%3Dsr_1_71_sspa%3Fdib%3DeyJ2IjoiMSJ9.WBjjKHpNjEn9ZIiQ2LWL_IWa8t2IxnyiGI-Zf5SYkJWT4T7nGBq59_Mz0NmM00mGzvX-xb8DRD0RoBPH7ufrJNwjYycZ-23WHSv6SB0TcaU41QOUnwLFZ0gkC1jTzugGjqWiFfp8cRcwfpPc9Db-9OOQ66_02HvH_VEOthUt4plwod4hNFhO7DNuVHkiVFp6urZQdZaGidIOVhNJ5Bev2W3bli6EvNTYb0OvJDhGJyyRLHdD2crFgtM92oc8_RmO7JTHiP-hEh-10F9aZjF3zi2-bm4s1Ndtokq1XwW-SPw.y4tsrtnPQqInXz0KeFmfLkGgOUJpY2MQE6cza5kOvTs%26dib_tag%3Dse%26keywords%3Dclutches%26qid%3D1747736288%26sr%3D8-71-spons%26sp_csd%3Dd2lkZ2V0TmFtZT1zcF9tdGY%26psc%3D1,https://m.media-amazon.com/images/I/616yO8rMxlL._AC_UL320_.jpg,"₹1,143","₹2,999"
New Style Handicraft,https://www.amazon.in/sspa/click?ie=UTF8&spc=MTo0NDY0Njk5MTcwMzc2MTk5OjE3NDc3MzYyODg6c3BfbXRmOjMwMDU2NjI3Mjg3NzgzMjo6MDo6&url=%2FNew-Style-Handicraft-bridal-handbag%2Fdp%2FB0DZD26XJ6%2Fref%3Dsr_1_72_sspa%3Fdib%3DeyJ2IjoiMSJ9.WBjjKHpNjEn9ZIiQ2LWL_IWa8t2IxnyiGI-Zf5SYkJWT4T7nGBq59_Mz0NmM00mGzvX-xb8DRD0RoBPH7ufrJNwjYycZ-23WHSv6SB0TcaU41QOUnwLFZ0gkC1jTzugGjqWiFfp8cRcwfpPc9Db-9OOQ66_02HvH_VEOthUt4plwod4hNFhO7DNuVHkiVFp6urZQdZaGidIOVhNJ5Bev2W3bli6EvNTYb0OvJDhGJyyRLHdD2crFgtM92oc8_RmO7JTHiP-hEh-10F9aZjF3zi2-bm4s1Ndtokq1XwW-SPw.y4tsrtnPQqInXz0KeFmfLkGgOUJpY2MQE6cza5kOvTs%26dib_tag%3Dse%26keywords%3Dclutches%26qid%3D1747736288%26sr%3D8-72-spons%26sp_csd%3Dd2lkZ2V0TmFtZT1zcF9tdGY%26psc%3D1,https://m.media-amazon.com/images/I/41Y3pG23yxL._AC_UL320_.jpg,"₹1,125.04","₹1,999"
TOOBA,https://www.amazon.in/Tooba-Bridal-Handicraft-Embroidered-Clutch/dp/B07MYJC9JQ/ref=sr_1_73?dib=eyJ2IjoiMSJ9.WBjjKHpNjEn9ZIiQ2LWL_IWa8t2IxnyiGI-Zf5SYkJWT4T7nGBq59_Mz0NmM00mGzvX-xb8DRD0RoBPH7ufrJNwjYycZ-23WHSv6SB0TcaU41QOUnwLFZ0gkC1jTzugGjqWiFfp8cRcwfpPc9Db-9OOQ66_02HvH_VEOthUt4plwod4hNFhO7DNuVHkiVFp6urZQdZaGidIOVhNJ5Bev2W3bli6EvNTYb0OvJDhGJyyRLHdD2crFgtM92oc8_RmO7JTHiP-hEh-10F9aZjF3zi2-bm4s1Ndtokq1XwW-SPw.y4tsrtnPQqInXz0KeFmfLkGgOUJpY2MQE6cza5kOvTs&dib_tag=se&keywords=clutches&qid=1747736288&sr=8-73,https://m.media-amazon.com/images/I/81Bx8BYD+OL._AC_UL320_.jpg,₹381,"₹4,999"
ALSU,https://www.amazon.in/ALSU-Womens-Maroon-Wallet-Pockets_arf-003mar/dp/B0993VPPL9/ref=sr_1_74?dib=eyJ2IjoiMSJ9.WBjjKHpNjEn9ZIiQ2LWL_IWa8t2IxnyiGI-Zf5SYkJWT4T7nGBq59_Mz0NmM00mGzvX-xb8DRD0RoBPH7ufrJNwjYycZ-23WHSv6SB0TcaU41QOUnwLFZ0gkC1jTzugGjqWiFfp8cRcwfpPc9Db-9OOQ66_02HvH_VEOthUt4plwod4hNFhO7DNuVHkiVFp6urZQdZaGidIOVhNJ5Bev2W3bli6EvNTYb0OvJDhGJyyRLHdD2crFgtM92oc8_RmO7JTHiP-hEh-10F9aZjF3zi2-bm4s1Ndtokq1XwW-SPw.y4tsrtnPQqInXz0KeFmfLkGgOUJpY2MQE6cza5kOvTs&dib_tag=se&keywords=clutches&qid=1747736288&sr=8-74,https://m.media-amazon.com/images/I/61sahz5d9rL._AC_UL320_.jpg,₹273,₹999
Lavie,https://www.amazon.in/Lavie-Womens-Handle-Framed-Clutch/dp/B0DZBWKSSG/ref=sr_1_75?dib=eyJ2IjoiMSJ9.WBjjKHpNjEn9ZIiQ2LWL_IWa8t2IxnyiGI-Zf5SYkJWT4T7nGBq59_Mz0NmM00mGzvX-xb8DRD0RoBPH7ufrJNwjYycZ-23WHSv6SB0TcaU41QOUnwLFZ0gkC1jTzugGjqWiFfp8cRcwfpPc9Db-9OOQ66_02HvH_VEOthUt4plwod4hNFhO7DNuVHkiVFp6urZQdZaGidIOVhNJ5Bev2W3bli6EvNTYb0OvJDhGJyyRLHdD2crFgtM92oc8_RmO7JTHiP-hEh-10F9aZjF3zi2-bm4s1Ndtokq1XwW-SPw.y4tsrtnPQqInXz0KeFmfLkGgOUJpY2MQE6cza5kOvTs&dib_tag=se&keywords=clutches&qid=1747736288&sr=8-75,https://m.media-amazon.com/images/I/71Q+LckVByL._AC_UL320_.jpg,₹799,"₹2,499"
Mochi,https://www.amazon.in/Mochi-Womens-Fashionable-Leather-38-148/dp/B0DK3TR53G/ref=sr_1_76?dib=eyJ2IjoiMSJ9.WBjjKHpNjEn9ZIiQ2LWL_IWa8t2IxnyiGI-Zf5SYkJWT4T7nGBq59_Mz0NmM00mGzvX-xb8DRD0RoBPH7ufrJNwjYycZ-23WHSv6SB0TcaU41QOUnwLFZ0gkC1jTzugGjqWiFfp8cRcwfpPc9Db-9OOQ66_02HvH_VEOthUt4plwod4hNFhO7DNuVHkiVFp6urZQdZaGidIOVhNJ5Bev2W3bli6EvNTYb0OvJDhGJyyRLHdD2crFgtM92oc8_RmO7JTHiP-hEh-10F9aZjF3zi2-bm4s1Ndtokq1XwW-SPw.y4tsrtnPQqInXz0KeFmfLkGgOUJpY2MQE6cza5kOvTs&dib_tag=se&keywords=clutches&qid=1747736288&sr=8-76,https://m.media-amazon.com/images/I/51SK-irmQkL._AC_UL320_.jpg,₹968,"₹1,490"
INAAYA - Bridal Accessories,https://www.amazon.in/INAAYA-Bridal-Accessories-Clutches-Multicolour/dp/B095WCYF9M/ref=sr_1_77?dib=eyJ2IjoiMSJ9.WBjjKHpNjEn9ZIiQ2LWL_IWa8t2IxnyiGI-Zf5SYkJWT4T7nGBq59_Mz0NmM00mGzvX-xb8DRD0RoBPH7ufrJNwjYycZ-23WHSv6SB0TcaU41QOUnwLFZ0gkC1jTzugGjqWiFfp8cRcwfpPc9Db-9OOQ66_02HvH_VEOthUt4plwod4hNFhO7DNuVHkiVFp6urZQdZaGidIOVhNJ5Bev2W3bli6EvNTYb0OvJDhGJyyRLHdD2crFgtM92oc8_RmO7JTHiP-hEh-10F9aZjF3zi2-bm4s1Ndtokq1XwW-SPw.y4tsrtnPQqInXz0KeFmfLkGgOUJpY2MQE6cza5kOvTs&dib_tag=se&keywords=clutches&qid=1747736288&sr=8-77,https://m.media-amazon.com/images/I/81EerRzvVeS._AC_UL320_.jpg,"₹1,004","₹1,899"
TOOBA,https://www.amazon.in/Tooba-Handicraft-Beautiful-Diamond-Marriage/dp/B07TFK2ZT6/ref=sr_1_78?dib=eyJ2IjoiMSJ9.WBjjKHpNjEn9ZIiQ2LWL_IWa8t2IxnyiGI-Zf5SYkJWT4T7nGBq59_Mz0NmM00mGzvX-xb8DRD0RoBPH7ufrJNwjYycZ-23WHSv6SB0TcaU41QOUnwLFZ0gkC1jTzugGjqWiFfp8cRcwfpPc9Db-9OOQ66_02HvH_VEOthUt4plwod4hNFhO7DNuVHkiVFp6urZQdZaGidIOVhNJ5Bev2W3bli6EvNTYb0OvJDhGJyyRLHdD2crFgtM92oc8_RmO7JTHiP-hEh-10F9aZjF3zi2-bm4s1Ndtokq1XwW-SPw.y4tsrtnPQqInXz0KeFmfLkGgOUJpY2MQE6cza5kOvTs&dib_tag=se&keywords=clutches&qid=1747736288&sr=8-78,https://m.media-amazon.com/images/I/61kue-pYgqL._AC_UL320_.jpg,₹881,"₹4,999"
HAMMONDS FLYCATCHER,https://www.amazon.in/HAMMONDS-FLYCATCHER-Wallet-Women-Protection/dp/B0C2YVNR34/ref=sr_1_79?dib=eyJ2IjoiMSJ9.WBjjKHpNjEn9ZIiQ2LWL_IWa8t2IxnyiGI-Zf5SYkJWT4T7nGBq59_Mz0NmM00mGzvX-xb8DRD0RoBPH7ufrJNwjYycZ-23WHSv6SB0TcaU41QOUnwLFZ0gkC1jTzugGjqWiFfp8cRcwfpPc9Db-9OOQ66_02HvH_VEOthUt4plwod4hNFhO7DNuVHkiVFp6urZQdZaGidIOVhNJ5Bev2W3bli6EvNTYb0OvJDhGJyyRLHdD2crFgtM92oc8_RmO7JTHiP-hEh-10F9aZjF3zi2-bm4s1Ndtokq1XwW-SPw.y4tsrtnPQqInXz0KeFmfLkGgOUJpY2MQE6cza5kOvTs&dib_tag=se&keywords=clutches&qid=1747736288&sr=8-79,https://m.media-amazon.com/images/I/81CgwB6Ck1L._AC_UL320_.jpg,"₹1,469","₹1,999"
generic,https://www.amazon.in/Umera-Clutch-Golden-girls-women/dp/B08VH5LT9F/ref=sr_1_80?dib=eyJ2IjoiMSJ9.WBjjKHpNjEn9ZIiQ2LWL_IWa8t2IxnyiGI-Zf5SYkJWT4T7nGBq59_Mz0NmM00mGzvX-xb8DRD0RoBPH7ufrJNwjYycZ-23WHSv6SB0TcaU41QOUnwLFZ0gkC1jTzugGjqWiFfp8cRcwfpPc9Db-9OOQ66_02HvH_VEOthUt4plwod4hNFhO7DNuVHkiVFp6urZQdZaGidIOVhNJ5Bev2W3bli6EvNTYb0OvJDhGJyyRLHdD2crFgtM92oc8_RmO7JTHiP-hEh-10F9aZjF3zi2-bm4s1Ndtokq1XwW-SPw.y4tsrtnPQqInXz0KeFmfLkGgOUJpY2MQE6cza5kOvTs&dib_tag=se&keywords=clutches&qid=1747736288&sr=8-80,https://m.media-amazon.com/images/I/81fmKIvoeoL._AC_UL320_.jpg,₹649,"₹1,999"
PEORA,https://www.amazon.in/Peora-Wedding-Handmade-Handbags-C61GRN/dp/B09TPMSLYJ/ref=sr_1_81?dib=eyJ2IjoiMSJ9.WBjjKHpNjEn9ZIiQ2LWL_IWa8t2IxnyiGI-Zf5SYkJWT4T7nGBq59_Mz0NmM00mGzvX-xb8DRD0RoBPH7ufrJNwjYycZ-23WHSv6SB0TcaU41QOUnwLFZ0gkC1jTzugGjqWiFfp8cRcwfpPc9Db-9OOQ66_02HvH_VEOthUt4plwod4hNFhO7DNuVHkiVFp6urZQdZaGidIOVhNJ5Bev2W3bli6EvNTYb0OvJDhGJyyRLHdD2crFgtM92oc8_RmO7JTHiP-hEh-10F9aZjF3zi2-bm4s1Ndtokq1XwW-SPw.y4tsrtnPQqInXz0KeFmfLkGgOUJpY2MQE6cza5kOvTs&dib_tag=se&keywords=clutches&qid=1747736288&sr=8-81,https://m.media-amazon.com/images/I/8174mnZmBEL._AC_UL320_.jpg,"₹1,699","₹6,995"
Elios,https://www.amazon.in/Elios-Capacity-Leather-Clutch-Organizer/dp/B0BC9BGTZZ/ref=sr_1_82?dib=eyJ2IjoiMSJ9.WBjjKHpNjEn9ZIiQ2LWL_IWa8t2IxnyiGI-Zf5SYkJWT4T7nGBq59_Mz0NmM00mGzvX-xb8DRD0RoBPH7ufrJNwjYycZ-23WHSv6SB0TcaU41QOUnwLFZ0gkC1jTzugGjqWiFfp8cRcwfpPc9Db-9OOQ66_02HvH_VEOthUt4plwod4hNFhO7DNuVHkiVFp6urZQdZaGidIOVhNJ5Bev2W3bli6EvNTYb0OvJDhGJyyRLHdD2crFgtM92oc8_RmO7JTHiP-hEh-10F9aZjF3zi2-bm4s1Ndtokq1XwW-SPw.y4tsrtnPQqInXz0KeFmfLkGgOUJpY2MQE6cza5kOvTs&dib_tag=se&keywords=clutches&qid=1747736288&sr=8-82,https://m.media-amazon.com/images/I/91YpKU1StQL._AC_UL320_.jpg,₹599,"₹1,399"
TOOBA,https://www.amazon.in/TOOBA-Handicraft-Beautiful-Wedding-Sparkling/dp/B0845Q3DGK/ref=sr_1_83?dib=eyJ2IjoiMSJ9.WBjjKHpNjEn9ZIiQ2LWL_IWa8t2IxnyiGI-Zf5SYkJWT4T7nGBq59_Mz0NmM00mGzvX-xb8DRD0RoBPH7ufrJNwjYycZ-23WHSv6SB0TcaU41QOUnwLFZ0gkC1jTzugGjqWiFfp8cRcwfpPc9Db-9OOQ66_02HvH_VEOthUt4plwod4hNFhO7DNuVHkiVFp6urZQdZaGidIOVhNJ5Bev2W3bli6EvNTYb0OvJDhGJyyRLHdD2crFgtM92oc8_RmO7JTHiP-hEh-10F9aZjF3zi2-bm4s1Ndtokq1XwW-SPw.y4tsrtnPQqInXz0KeFmfLkGgOUJpY2MQE6cza5kOvTs&dib_tag=se&keywords=clutches&qid=1747736288&sr=8-83,https://m.media-amazon.com/images/I/713h6S3FouL._AC_UL320_.jpg,₹750,"₹4,999"
TOOBA,https://www.amazon.in/Tooba-Crystal-Black-crystal-egg/dp/B06XKFHVT8/ref=sr_1_84?dib=eyJ2IjoiMSJ9.WBjjKHpNjEn9ZIiQ2LWL_IWa8t2IxnyiGI-Zf5SYkJWT4T7nGBq59_Mz0NmM00mGzvX-xb8DRD0RoBPH7ufrJNwjYycZ-23WHSv6SB0TcaU41QOUnwLFZ0gkC1jTzugGjqWiFfp8cRcwfpPc9Db-9OOQ66_02HvH_VEOthUt4plwod4hNFhO7DNuVHkiVFp6urZQdZaGidIOVhNJ5Bev2W3bli6EvNTYb0OvJDhGJyyRLHdD2crFgtM92oc8_RmO7JTHiP-hEh-10F9aZjF3zi2-bm4s1Ndtokq1XwW-SPw.y4tsrtnPQqInXz0KeFmfLkGgOUJpY2MQE6cza5kOvTs&dib_tag=se&keywords=clutches&qid=1747736288&sr=8-84,https://m.media-amazon.com/images/I/91RVfbj07nL._AC_UL320_.jpg,₹836,"₹4,999"
TOOBA,https://www.amazon.in/Tooba-Handicraft-Synthetic-Embroidered-Diamond/dp/B07TVV8ZL6/ref=sr_1_85?dib=eyJ2IjoiMSJ9.WBjjKHpNjEn9ZIiQ2LWL_IWa8t2IxnyiGI-Zf5SYkJWT4T7nGBq59_Mz0NmM00mGzvX-xb8DRD0RoBPH7ufrJNwjYycZ-23WHSv6SB0TcaU41QOUnwLFZ0gkC1jTzugGjqWiFfp8cRcwfpPc9Db-9OOQ66_02HvH_VEOthUt4plwod4hNFhO7DNuVHkiVFp6urZQdZaGidIOVhNJ5Bev2W3bli6EvNTYb0OvJDhGJyyRLHdD2crFgtM92oc8_RmO7JTHiP-hEh-10F9aZjF3zi2-bm4s1Ndtokq1XwW-SPw.y4tsrtnPQqInXz0KeFmfLkGgOUJpY2MQE6cza5kOvTs&dib_tag=se&keywords=clutches&qid=1747736288&sr=8-85,https://m.media-amazon.com/images/I/71c23BEuH1L._AC_UL320_.jpg,₹782,"₹4,999"
Zaib,https://www.amazon.in/Zaib-Bridal-Partyware-Clutch-Women/dp/B0DM2DPBW6/ref=sr_1_86?dib=eyJ2IjoiMSJ9.WBjjKHpNjEn9ZIiQ2LWL_IWa8t2IxnyiGI-Zf5SYkJWT4T7nGBq59_Mz0NmM00mGzvX-xb8DRD0RoBPH7ufrJNwjYycZ-23WHSv6SB0TcaU41QOUnwLFZ0gkC1jTzugGjqWiFfp8cRcwfpPc9Db-9OOQ66_02HvH_VEOthUt4plwod4hNFhO7DNuVHkiVFp6urZQdZaGidIOVhNJ5Bev2W3bli6EvNTYb0OvJDhGJyyRLHdD2crFgtM92oc8_RmO7JTHiP-hEh-10F9aZjF3zi2-bm4s1Ndtokq1XwW-SPw.y4tsrtnPQqInXz0KeFmfLkGgOUJpY2MQE6cza5kOvTs&dib_tag=se&keywords=clutches&qid=1747736288&sr=8-86,https://m.media-amazon.com/images/I/91QNDwRnLeL._AC_UL320_.jpg,₹799,"₹2,799"
TOOBA,https://www.amazon.in/Tooba-Handicraft-Womens-Beautiful-Embroidered/dp/B07V9WKCPB/ref=sr_1_87?dib=eyJ2IjoiMSJ9.WBjjKHpNjEn9ZIiQ2LWL_IWa8t2IxnyiGI-Zf5SYkJWT4T7nGBq59_Mz0NmM00mGzvX-xb8DRD0RoBPH7ufrJNwjYycZ-23WHSv6SB0TcaU41QOUnwLFZ0gkC1jTzugGjqWiFfp8cRcwfpPc9Db-9OOQ66_02HvH_VEOthUt4plwod4hNFhO7DNuVHkiVFp6urZQdZaGidIOVhNJ5Bev2W3bli6EvNTYb0OvJDhGJyyRLHdD2crFgtM92oc8_RmO7JTHiP-hEh-10F9aZjF3zi2-bm4s1Ndtokq1XwW-SPw.y4tsrtnPQqInXz0KeFmfLkGgOUJpY2MQE6cza5kOvTs&dib_tag=se&keywords=clutches&qid=1747736288&sr=8-87,https://m.media-amazon.com/images/I/91Q6eYkN9yS._AC_UL320_.jpg,₹381,"₹4,999"
TOOBA,https://www.amazon.in/Tooba-Handicraft-Beautiful-Flower-wedding/dp/B07YVCTVWH/ref=sr_1_88?dib=eyJ2IjoiMSJ9.WBjjKHpNjEn9ZIiQ2LWL_IWa8t2IxnyiGI-Zf5SYkJWT4T7nGBq59_Mz0NmM00mGzvX-xb8DRD0RoBPH7ufrJNwjYycZ-23WHSv6SB0TcaU41QOUnwLFZ0gkC1jTzugGjqWiFfp8cRcwfpPc9Db-9OOQ66_02HvH_VEOthUt4plwod4hNFhO7DNuVHkiVFp6urZQdZaGidIOVhNJ5Bev2W3bli6EvNTYb0OvJDhGJyyRLHdD2crFgtM92oc8_RmO7JTHiP-hEh-10F9aZjF3zi2-bm4s1Ndtokq1XwW-SPw.y4tsrtnPQqInXz0KeFmfLkGgOUJpY2MQE6cza5kOvTs&dib_tag=se&keywords=clutches&qid=1747736288&sr=8-88,https://m.media-amazon.com/images/I/61I5uch6+RL._AC_UL320_.jpg,₹566,"₹4,999"
TOOBA,https://www.amazon.in/TOOBA-Synthetic-WomenS-Sequence-Necklace/dp/B073WCS61W/ref=sr_1_89?dib=eyJ2IjoiMSJ9.WBjjKHpNjEn9ZIiQ2LWL_IWa8t2IxnyiGI-Zf5SYkJWT4T7nGBq59_Mz0NmM00mGzvX-xb8DRD0RoBPH7ufrJNwjYycZ-23WHSv6SB0TcaU41QOUnwLFZ0gkC1jTzugGjqWiFfp8cRcwfpPc9Db-9OOQ66_02HvH_VEOthUt4plwod4hNFhO7DNuVHkiVFp6urZQdZaGidIOVhNJ5Bev2W3bli6EvNTYb0OvJDhGJyyRLHdD2crFgtM92oc8_RmO7JTHiP-hEh-10F9aZjF3zi2-bm4s1Ndtokq1XwW-SPw.y4tsrtnPQqInXz0KeFmfLkGgOUJpY2MQE6cza5kOvTs&dib_tag=se&keywords=clutches&qid=1747736288&sr=8-89,https://m.media-amazon.com/images/I/81m9Grf8CZL._AC_UL320_.jpg,₹842,"₹4,999"
TOOBA,https://www.amazon.in/Tooba-Handicraft-Womens-Synthetic-Diamond/dp/B07TVK4N7P/ref=sr_1_90?dib=eyJ2IjoiMSJ9.WBjjKHpNjEn9ZIiQ2LWL_IWa8t2IxnyiGI-Zf5SYkJWT4T7nGBq59_Mz0NmM00mGzvX-xb8DRD0RoBPH7ufrJNwjYycZ-23WHSv6SB0TcaU41QOUnwLFZ0gkC1jTzugGjqWiFfp8cRcwfpPc9Db-9OOQ66_02HvH_VEOthUt4plwod4hNFhO7DNuVHkiVFp6urZQdZaGidIOVhNJ5Bev2W3bli6EvNTYb0OvJDhGJyyRLHdD2crFgtM92oc8_RmO7JTHiP-hEh-10F9aZjF3zi2-bm4s1Ndtokq1XwW-SPw.y4tsrtnPQqInXz0KeFmfLkGgOUJpY2MQE6cza5kOvTs&dib_tag=se&keywords=clutches&qid=1747736288&sr=8-90,https://m.media-amazon.com/images/I/71UaKWWhzBL._AC_UL320_.jpg,₹689,"₹4,999"
TOOBA,https://www.amazon.in/Tooba-Womens-Silver-Handicraft-Embroidered/dp/B06XKB5K91/ref=sr_1_91?dib=eyJ2IjoiMSJ9.WBjjKHpNjEn9ZIiQ2LWL_IWa8t2IxnyiGI-Zf5SYkJWT4T7nGBq59_Mz0NmM00mGzvX-xb8DRD0RoBPH7ufrJNwjYycZ-23WHSv6SB0TcaU41QOUnwLFZ0gkC1jTzugGjqWiFfp8cRcwfpPc9Db-9OOQ66_02HvH_VEOthUt4plwod4hNFhO7DNuVHkiVFp6urZQdZaGidIOVhNJ5Bev2W3bli6EvNTYb0OvJDhGJyyRLHdD2crFgtM92oc8_RmO7JTHiP-hEh-10F9aZjF3zi2-bm4s1Ndtokq1XwW-SPw.y4tsrtnPQqInXz0KeFmfLkGgOUJpY2MQE6cza5kOvTs&dib_tag=se&keywords=clutches&qid=1747736288&sr=8-91,https://m.media-amazon.com/images/I/91VwdM9A0CL._AC_UL320_.jpg,₹759,"₹4,999"
TOOBA,https://www.amazon.in/Tooba-Handicraft-Womens-Leatherite-Beautiful/dp/B07TWNCFKT/ref=sr_1_92?dib=eyJ2IjoiMSJ9.WBjjKHpNjEn9ZIiQ2LWL_IWa8t2IxnyiGI-Zf5SYkJWT4T7nGBq59_Mz0NmM00mGzvX-xb8DRD0RoBPH7ufrJNwjYycZ-23WHSv6SB0TcaU41QOUnwLFZ0gkC1jTzugGjqWiFfp8cRcwfpPc9Db-9OOQ66_02HvH_VEOthUt4plwod4hNFhO7DNuVHkiVFp6urZQdZaGidIOVhNJ5Bev2W3bli6EvNTYb0OvJDhGJyyRLHdD2crFgtM92oc8_RmO7JTHiP-hEh-10F9aZjF3zi2-bm4s1Ndtokq1XwW-SPw.y4tsrtnPQqInXz0KeFmfLkGgOUJpY2MQE6cza5kOvTs&dib_tag=se&keywords=clutches&qid=1747736288&sr=8-92,https://m.media-amazon.com/images/I/81WZzisxZiL._AC_UL320_.jpg,₹646,"₹4,999"
TOOBA,https://www.amazon.in/Handicraft-Embroidered-Clutch-Bridal-Wedding/dp/B07KZGWPDZ/ref=sr_1_93?dib=eyJ2IjoiMSJ9.WBjjKHpNjEn9ZIiQ2LWL_IWa8t2IxnyiGI-Zf5SYkJWT4T7nGBq59_Mz0NmM00mGzvX-xb8DRD0RoBPH7ufrJNwjYycZ-23WHSv6SB0TcaU41QOUnwLFZ0gkC1jTzugGjqWiFfp8cRcwfpPc9Db-9OOQ66_02HvH_VEOthUt4plwod4hNFhO7DNuVHkiVFp6urZQdZaGidIOVhNJ5Bev2W3bli6EvNTYb0OvJDhGJyyRLHdD2crFgtM92oc8_RmO7JTHiP-hEh-10F9aZjF3zi2-bm4s1Ndtokq1XwW-SPw.y4tsrtnPQqInXz0KeFmfLkGgOUJpY2MQE6cza5kOvTs&dib_tag=se&keywords=clutches&qid=1747736288&sr=8-93,https://m.media-amazon.com/images/I/81pGb4lVAWL._AC_UL320_.jpg,₹444,"₹4,999"
TOOBA,https://www.amazon.in/TOOBA-Handicraft-Embroidered-Clutch-Wedding/dp/B01N28GJ25/ref=sr_1_94?dib=eyJ2IjoiMSJ9.WBjjKHpNjEn9ZIiQ2LWL_IWa8t2IxnyiGI-Zf5SYkJWT4T7nGBq59_Mz0NmM00mGzvX-xb8DRD0RoBPH7ufrJNwjYycZ-23WHSv6SB0TcaU41QOUnwLFZ0gkC1jTzugGjqWiFfp8cRcwfpPc9Db-9OOQ66_02HvH_VEOthUt4plwod4hNFhO7DNuVHkiVFp6urZQdZaGidIOVhNJ5Bev2W3bli6EvNTYb0OvJDhGJyyRLHdD2crFgtM92oc8_RmO7JTHiP-hEh-10F9aZjF3zi2-bm4s1Ndtokq1XwW-SPw.y4tsrtnPQqInXz0KeFmfLkGgOUJpY2MQE6cza5kOvTs&dib_tag=se&keywords=clutches&qid=1747736288&sr=8-94,https://m.media-amazon.com/images/I/91Vl9Mplu3L._AC_UL320_.jpg,₹836,"₹4,999"
TOOBA,https://www.amazon.in/TOOBA-Flower-Womens-Clutch-Red/dp/B07TFLFQPV/ref=sr_1_95?dib=eyJ2IjoiMSJ9.WBjjKHpNjEn9ZIiQ2LWL_IWa8t2IxnyiGI-Zf5SYkJWT4T7nGBq59_Mz0NmM00mGzvX-xb8DRD0RoBPH7ufrJNwjYycZ-23WHSv6SB0TcaU41QOUnwLFZ0gkC1jTzugGjqWiFfp8cRcwfpPc9Db-9OOQ66_02HvH_VEOthUt4plwod4hNFhO7DNuVHkiVFp6urZQdZaGidIOVhNJ5Bev2W3bli6EvNTYb0OvJDhGJyyRLHdD2crFgtM92oc8_RmO7JTHiP-hEh-10F9aZjF3zi2-bm4s1Ndtokq1XwW-SPw.y4tsrtnPQqInXz0KeFmfLkGgOUJpY2MQE6cza5kOvTs&dib_tag=se&keywords=clutches&qid=1747736288&sr=8-95,https://m.media-amazon.com/images/I/71RmSejXMvL._AC_UL320_.jpg,₹854,"₹4,999"
Fiesto Fashion,https://www.amazon.in/Fiesto-Fashion-Womens-Leather-Handbag/dp/B09HV9Y93T/ref=sr_1_96?dib=eyJ2IjoiMSJ9.WBjjKHpNjEn9ZIiQ2LWL_IWa8t2IxnyiGI-Zf5SYkJWT4T7nGBq59_Mz0NmM00mGzvX-xb8DRD0RoBPH7ufrJNwjYycZ-23WHSv6SB0TcaU41QOUnwLFZ0gkC1jTzugGjqWiFfp8cRcwfpPc9Db-9OOQ66_02HvH_VEOthUt4plwod4hNFhO7DNuVHkiVFp6urZQdZaGidIOVhNJ5Bev2W3bli6EvNTYb0OvJDhGJyyRLHdD2crFgtM92oc8_RmO7JTHiP-hEh-10F9aZjF3zi2-bm4s1Ndtokq1XwW-SPw.y4tsrtnPQqInXz0KeFmfLkGgOUJpY2MQE6cza5kOvTs&dib_tag=se&keywords=clutches&qid=1747736288&sr=8-96,https://m.media-amazon.com/images/I/91221pXQ-sL._AC_UL320_.jpg,₹699,"₹2,999"
TOOBA,https://www.amazon.in/Tooba-Handicraft-Beautiful-Occasion-Diamond/dp/B07STP2M3K/ref=sr_1_97?dib=eyJ2IjoiMSJ9.WBjjKHpNjEn9ZIiQ2LWL_IWa8t2IxnyiGI-Zf5SYkJWT4T7nGBq59_Mz0NmM00mGzvX-xb8DRD0RoBPH7ufrJNwjYycZ-23WHSv6SB0TcaU41QOUnwLFZ0gkC1jTzugGjqWiFfp8cRcwfpPc9Db-9OOQ66_02HvH_VEOthUt4plwod4hNFhO7DNuVHkiVFp6urZQdZaGidIOVhNJ5Bev2W3bli6EvNTYb0OvJDhGJyyRLHdD2crFgtM92oc8_RmO7JTHiP-hEh-10F9aZjF3zi2-bm4s1Ndtokq1XwW-SPw.y4tsrtnPQqInXz0KeFmfLkGgOUJpY2MQE6cza5kOvTs&dib_tag=se&keywords=clutches&qid=1747736288&sr=8-97,https://m.media-amazon.com/images/I/815jPu7bRqL._AC_UL320_.jpg,₹733,"₹4,999"
TOOBA,https://www.amazon.in/TOOBA-Handicraft-Embroidered-Clutch-Wedding/dp/B0799HXKV5/ref=sr_1_98?dib=eyJ2IjoiMSJ9.WBjjKHpNjEn9ZIiQ2LWL_IWa8t2IxnyiGI-Zf5SYkJWT4T7nGBq59_Mz0NmM00mGzvX-xb8DRD0RoBPH7ufrJNwjYycZ-23WHSv6SB0TcaU41QOUnwLFZ0gkC1jTzugGjqWiFfp8cRcwfpPc9Db-9OOQ66_02HvH_VEOthUt4plwod4hNFhO7DNuVHkiVFp6urZQdZaGidIOVhNJ5Bev2W3bli6EvNTYb0OvJDhGJyyRLHdD2crFgtM92oc8_RmO7JTHiP-hEh-10F9aZjF3zi2-bm4s1Ndtokq1XwW-SPw.y4tsrtnPQqInXz0KeFmfLkGgOUJpY2MQE6cza5kOvTs&dib_tag=se&keywords=clutches&qid=1747736288&sr=8-98,https://m.media-amazon.com/images/I/81vAhuVOo0L._AC_UL320_.jpg,₹444,"₹4,999"
TOOBA,https://www.amazon.in/Tooba-Womens-Handicraft-Synthetic-Clutch/dp/B07YP5GTZK/ref=sr_1_99?dib=eyJ2IjoiMSJ9.WBjjKHpNjEn9ZIiQ2LWL_IWa8t2IxnyiGI-Zf5SYkJWT4T7nGBq59_Mz0NmM00mGzvX-xb8DRD0RoBPH7ufrJNwjYycZ-23WHSv6SB0TcaU41QOUnwLFZ0gkC1jTzugGjqWiFfp8cRcwfpPc9Db-9OOQ66_02HvH_VEOthUt4plwod4hNFhO7DNuVHkiVFp6urZQdZaGidIOVhNJ5Bev2W3bli6EvNTYb0OvJDhGJyyRLHdD2crFgtM92oc8_RmO7JTHiP-hEh-10F9aZjF3zi2-bm4s1Ndtokq1XwW-SPw.y4tsrtnPQqInXz0KeFmfLkGgOUJpY2MQE6cza5kOvTs&dib_tag=se&keywords=clutches&qid=1747736288&sr=8-99,https://m.media-amazon.com/images/I/61W+B4tpg0L._AC_UL320_.jpg,₹565,"₹4,999"
TOOBA,https://www.amazon.in/TOOBA-Shimmer-Beautiful-Metallic-Glittering/dp/B083ZFYXMP/ref=sr_1_100?dib=eyJ2IjoiMSJ9.WBjjKHpNjEn9ZIiQ2LWL_IWa8t2IxnyiGI-Zf5SYkJWT4T7nGBq59_Mz0NmM00mGzvX-xb8DRD0RoBPH7ufrJNwjYycZ-23WHSv6SB0TcaU41QOUnwLFZ0gkC1jTzugGjqWiFfp8cRcwfpPc9Db-9OOQ66_02HvH_VEOthUt4plwod4hNFhO7DNuVHkiVFp6urZQdZaGidIOVhNJ5Bev2W3bli6EvNTYb0OvJDhGJyyRLHdD2crFgtM92oc8_RmO7JTHiP-hEh-10F9aZjF3zi2-bm4s1Ndtokq1XwW-SPw.y4tsrtnPQqInXz0KeFmfLkGgOUJpY2MQE6cza5kOvTs&dib_tag=se&keywords=clutches&qid=1747736288&sr=8-100,https://m.media-amazon.com/images/I/61lLrYK+rRL._AC_UL320_.jpg,₹334,"₹4,999"
TOOBA,https://www.amazon.in/Tooba-Womens-Synthetic-Handicraft-Flower/dp/B07NBPVZP6/ref=sr_1_101?dib=eyJ2IjoiMSJ9.WBjjKHpNjEn9ZIiQ2LWL_IWa8t2IxnyiGI-Zf5SYkJWT4T7nGBq59_Mz0NmM00mGzvX-xb8DRD0RoBPH7ufrJNwjYycZ-23WHSv6SB0TcaU41QOUnwLFZ0gkC1jTzugGjqWiFfp8cRcwfpPc9Db-9OOQ66_02HvH_VEOthUt4plwod4hNFhO7DNuVHkiVFp6urZQdZaGidIOVhNJ5Bev2W3bli6EvNTYb0OvJDhGJyyRLHdD2crFgtM92oc8_RmO7JTHiP-hEh-10F9aZjF3zi2-bm4s1Ndtokq1XwW-SPw.y4tsrtnPQqInXz0KeFmfLkGgOUJpY2MQE6cza5kOvTs&dib_tag=se&keywords=clutches&qid=1747736288&sr=8-101,https://m.media-amazon.com/images/I/71mQBhmw6+L._AC_UL320_.jpg,₹751,"₹4,999"
TOOBA,https://www.amazon.in/Tooba-Womens-Clutch-Maroon-Chain/dp/B01KUVS1C2/ref=sr_1_102?dib=eyJ2IjoiMSJ9.WBjjKHpNjEn9ZIiQ2LWL_IWa8t2IxnyiGI-Zf5SYkJWT4T7nGBq59_Mz0NmM00mGzvX-xb8DRD0RoBPH7ufrJNwjYycZ-23WHSv6SB0TcaU41QOUnwLFZ0gkC1jTzugGjqWiFfp8cRcwfpPc9Db-9OOQ66_02HvH_VEOthUt4plwod4hNFhO7DNuVHkiVFp6urZQdZaGidIOVhNJ5Bev2W3bli6EvNTYb0OvJDhGJyyRLHdD2crFgtM92oc8_RmO7JTHiP-hEh-10F9aZjF3zi2-bm4s1Ndtokq1XwW-SPw.y4tsrtnPQqInXz0KeFmfLkGgOUJpY2MQE6cza5kOvTs&dib_tag=se&keywords=clutches&qid=1747736288&sr=8-102,https://m.media-amazon.com/images/I/91a51FNkgFL._AC_UL320_.jpg,₹751,"₹4,999"
TOOBA,https://www.amazon.in/TOOBA-Flower-Girls-Clutch-Gold/dp/B07L147YV7/ref=sr_1_103?dib=eyJ2IjoiMSJ9.WBjjKHpNjEn9ZIiQ2LWL_IWa8t2IxnyiGI-Zf5SYkJWT4T7nGBq59_Mz0NmM00mGzvX-xb8DRD0RoBPH7ufrJNwjYycZ-23WHSv6SB0TcaU41QOUnwLFZ0gkC1jTzugGjqWiFfp8cRcwfpPc9Db-9OOQ66_02HvH_VEOthUt4plwod4hNFhO7DNuVHkiVFp6urZQdZaGidIOVhNJ5Bev2W3bli6EvNTYb0OvJDhGJyyRLHdD2crFgtM92oc8_RmO7JTHiP-hEh-10F9aZjF3zi2-bm4s1Ndtokq1XwW-SPw.y4tsrtnPQqInXz0KeFmfLkGgOUJpY2MQE6cza5kOvTs&dib_tag=se&keywords=clutches&qid=1747736288&sr=8-103,https://m.media-amazon.com/images/I/61tpl2oLWKL._AC_UL320_.jpg,₹890,"₹4,999"
TOOBA,https://www.amazon.in/Tooba-Crystal-Red-crystal-egg/dp/B06XKH8DRT/ref=sr_1_104?dib=eyJ2IjoiMSJ9.WBjjKHpNjEn9ZIiQ2LWL_IWa8t2IxnyiGI-Zf5SYkJWT4T7nGBq59_Mz0NmM00mGzvX-xb8DRD0RoBPH7ufrJNwjYycZ-23WHSv6SB0TcaU41QOUnwLFZ0gkC1jTzugGjqWiFfp8cRcwfpPc9Db-9OOQ66_02HvH_VEOthUt4plwod4hNFhO7DNuVHkiVFp6urZQdZaGidIOVhNJ5Bev2W3bli6EvNTYb0OvJDhGJyyRLHdD2crFgtM92oc8_RmO7JTHiP-hEh-10F9aZjF3zi2-bm4s1Ndtokq1XwW-SPw.y4tsrtnPQqInXz0KeFmfLkGgOUJpY2MQE6cza5kOvTs&dib_tag=se&keywords=clutches&qid=1747736288&sr=8-104,https://m.media-amazon.com/images/I/91tyEoDEkhL._AC_UL320_.jpg,₹782,"₹4,999"
INOVERA (LABEL),https://www.amazon.in/sspa/click?ie=UTF8&spc=MTo0NDY0Njk5MTcwMzc2MTk5OjE3NDc3MzYyODg6c3BfYnRmOjMwMDQ3NjQ2NDY3MTIzMjo6MDo6&url=%2FINOVERA-LABEL-Clutches-Women-Girls%2Fdp%2FB0DTJ1NDHK%2Fref%3Dsr_1_105_sspa%3Fdib%3DeyJ2IjoiMSJ9.WBjjKHpNjEn9ZIiQ2LWL_IWa8t2IxnyiGI-Zf5SYkJWT4T7nGBq59_Mz0NmM00mGzvX-xb8DRD0RoBPH7ufrJNwjYycZ-23WHSv6SB0TcaU41QOUnwLFZ0gkC1jTzugGjqWiFfp8cRcwfpPc9Db-9OOQ66_02HvH_VEOthUt4plwod4hNFhO7DNuVHkiVFp6urZQdZaGidIOVhNJ5Bev2W3bli6EvNTYb0OvJDhGJyyRLHdD2crFgtM92oc8_RmO7JTHiP-hEh-10F9aZjF3zi2-bm4s1Ndtokq1XwW-SPw.y4tsrtnPQqInXz0KeFmfLkGgOUJpY2MQE6cza5kOvTs%26dib_tag%3Dse%26keywords%3Dclutches%26qid%3D1747736288%26sr%3D8-105-spons%26sp_csd%3Dd2lkZ2V0TmFtZT1zcF9idGY%26psc%3D1,https://m.media-amazon.com/images/I/81LVQyX5IxL._AC_UL320_.jpg,₹949,"₹1,999"
INOVERA (LABEL),https://www.amazon.in/sspa/click?ie=UTF8&spc=MTo0NDY0Njk5MTcwMzc2MTk5OjE3NDc3MzYyODg6c3BfYnRmOjMwMDIzNzIwOTkwNTYzMjo6MDo6&url=%2FINOVERA-LABEL-Evening-Clutch-Wedding%2Fdp%2FB0D87DYFD3%2Fref%3Dsr_1_106_sspa%3Fdib%3DeyJ2IjoiMSJ9.WBjjKHpNjEn9ZIiQ2LWL_IWa8t2IxnyiGI-Zf5SYkJWT4T7nGBq59_Mz0NmM00mGzvX-xb8DRD0RoBPH7ufrJNwjYycZ-23WHSv6SB0TcaU41QOUnwLFZ0gkC1jTzugGjqWiFfp8cRcwfpPc9Db-9OOQ66_02HvH_VEOthUt4plwod4hNFhO7DNuVHkiVFp6urZQdZaGidIOVhNJ5Bev2W3bli6EvNTYb0OvJDhGJyyRLHdD2crFgtM92oc8_RmO7JTHiP-hEh-10F9aZjF3zi2-bm4s1Ndtokq1XwW-SPw.y4tsrtnPQqInXz0KeFmfLkGgOUJpY2MQE6cza5kOvTs%26dib_tag%3Dse%26keywords%3Dclutches%26qid%3D1747736288%26sr%3D8-106-spons%26sp_csd%3Dd2lkZ2V0TmFtZT1zcF9idGY%26psc%3D1,https://m.media-amazon.com/images/I/61F-SyaDVpL._AC_UL320_.jpg,₹949,"₹1,999"
New Style Handicraft,https://www.amazon.in/sspa/click?ie=UTF8&spc=MTo0NDY0Njk5MTcwMzc2MTk5OjE3NDc3MzYyODg6c3BfYnRmOjMwMDU2NjI3Mjg3NzkzMjo6MDo6&url=%2FNew-Style-Handicraft-Elegant-Embellishments%2Fdp%2FB0DZCZNGQZ%2Fref%3Dsr_1_107_sspa%3Fdib%3DeyJ2IjoiMSJ9.WBjjKHpNjEn9ZIiQ2LWL_IWa8t2IxnyiGI-Zf5SYkJWT4T7nGBq59_Mz0NmM00mGzvX-xb8DRD0RoBPH7ufrJNwjYycZ-23WHSv6SB0TcaU41QOUnwLFZ0gkC1jTzugGjqWiFfp8cRcwfpPc9Db-9OOQ66_02HvH_VEOthUt4plwod4hNFhO7DNuVHkiVFp6urZQdZaGidIOVhNJ5Bev2W3bli6EvNTYb0OvJDhGJyyRLHdD2crFgtM92oc8_RmO7JTHiP-hEh-10F9aZjF3zi2-bm4s1Ndtokq1XwW-SPw.y4tsrtnPQqInXz0KeFmfLkGgOUJpY2MQE6cza5kOvTs%26dib_tag%3Dse%26keywords%3Dclutches%26qid%3D1747736288%26sr%3D8-107-spons%26sp_csd%3Dd2lkZ2V0TmFtZT1zcF9idGY%26psc%3D1,https://m.media-amazon.com/images/I/41GW2DUqmKL._AC_UL320_.jpg,"₹1,223.04","₹1,499"
PEORA,https://www.amazon.in/sspa/click?ie=UTF8&spc=MTo0NDY0Njk5MTcwMzc2MTk5OjE3NDc3MzYyODg6c3BfYnRmOjIwMTUxODQ5MzgxNzk4OjowOjo&url=%2FPeora-Handmade-Evening-Handbag-Stylish%2Fdp%2FB0BSV7V95X%2Fref%3Dsr_1_108_sspa%3Fdib%3DeyJ2IjoiMSJ9.WBjjKHpNjEn9ZIiQ2LWL_IWa8t2IxnyiGI-Zf5SYkJWT4T7nGBq59_Mz0NmM00mGzvX-xb8DRD0RoBPH7ufrJNwjYycZ-23WHSv6SB0TcaU41QOUnwLFZ0gkC1jTzugGjqWiFfp8cRcwfpPc9Db-9OOQ66_02HvH_VEOthUt4plwod4hNFhO7DNuVHkiVFp6urZQdZaGidIOVhNJ5Bev2W3bli6EvNTYb0OvJDhGJyyRLHdD2crFgtM92oc8_RmO7JTHiP-hEh-10F9aZjF3zi2-bm4s1Ndtokq1XwW-SPw.y4tsrtnPQqInXz0KeFmfLkGgOUJpY2MQE6cza5kOvTs%26dib_tag%3Dse%26keywords%3Dclutches%26qid%3D1747736288%26sr%3D8-108-spons%26sp_csd%3Dd2lkZ2V0TmFtZT1zcF9idGY%26psc%3D1,https://m.media-amazon.com/images/I/71wMuypoIxL._AC_UL320_.jpg,"₹1,849","₹8,495"
PEORA,https://www.amazon.in/sspa/click?ie=UTF8&spc=MTo0NDk0ODQxNjY4NjAzMTY4OjE3NDc3MzYyOTU6c3BfYXRmX25leHQ6MzAwMTkzOTcyMTMwMDMyOjowOjo&url=%2FPeora-Wedding-Handmade-Handbags-C01BL%2Fdp%2FB09H2R5KJG%2Fref%3Dsr_1_97_sspa%3Fdib%3DeyJ2IjoiMSJ9.Pe1YcHSH01lh0-ocPZhZdiJp0EYSvHNeO0wJvebnuESMsWogp9lIn_OMcSdagsgGSeKUhK-4W8GISN0vroFGF46fHgMo2kGHgkVAExifXxilBv6nuE_WG7BRyIo5CvQCjBeDtI7gTnHgqe1YO8ZBB2EHJreM5RwAEIJMUe9HDBC9dYBba9ok8Vwio8OwQngNA6xq8uESOoc5zmk5lPPqtPqu3ybRz_24oPOZTvGyO6Rx5P1TOUNeHd0vxTIDxrdwEI5KU06Zi_DN05A3xWj57XDBC0D9SV3qhf3qMYNN_4Q.NMDCG9WwDwpRbA3skH1VI2sg2RtGeBvv2lnqb2Jj4mM%26dib_tag%3Dse%26keywords%3Dclutches%26qid%3D1747736295%26sr%3D8-97-spons%26sp_csd%3Dd2lkZ2V0TmFtZT1zcF9hdGZfbmV4dA%26psc%3D1,https://m.media-amazon.com/images/I/71ZK-LoMtUL._AC_UL320_.jpg,"₹1,595","₹6,245"
New Style Handicraft,https://www.amazon.in/sspa/click?ie=UTF8&spc=MTo0NDk0ODQxNjY4NjAzMTY4OjE3NDc3MzYyOTU6c3BfYXRmX25leHQ6MzAwNTY2MjcyODc4MTMyOjowOjo&url=%2FNew-Style-Handicraft-Celebrities-White%2Fdp%2FB0CG6DRBHP%2Fref%3Dsr_1_98_sspa%3Fdib%3DeyJ2IjoiMSJ9.Pe1YcHSH01lh0-ocPZhZdiJp0EYSvHNeO0wJvebnuESMsWogp9lIn_OMcSdagsgGSeKUhK-4W8GISN0vroFGF46fHgMo2kGHgkVAExifXxilBv6nuE_WG7BRyIo5CvQCjBeDtI7gTnHgqe1YO8ZBB2EHJreM5RwAEIJMUe9HDBC9dYBba9ok8Vwio8OwQngNA6xq8uESOoc5zmk5lPPqtPqu3ybRz_24oPOZTvGyO6Rx5P1TOUNeHd0vxTIDxrdwEI5KU06Zi_DN05A3xWj57XDBC0D9SV3qhf3qMYNN_4Q.NMDCG9WwDwpRbA3skH1VI2sg2RtGeBvv2lnqb2Jj4mM%26dib_tag%3Dse%26keywords%3Dclutches%26qid%3D1747736295%26sr%3D8-98-spons%26sp_csd%3Dd2lkZ2V0TmFtZT1zcF9hdGZfbmV4dA%26psc%3D1,https://m.media-amazon.com/images/I/51oDNaYCN8L._AC_UL320_.jpg,₹997,"₹2,999"
Fastrack,https://www.amazon.in/sspa/click?ie=UTF8&spc=MTo0NDk0ODQxNjY4NjAzMTY4OjE3NDc3MzYyOTU6c3BfYXRmX25leHQ6MzAwNTI1MDYwMjE5OTMyOjowOjo&url=%2FFastrack-Grey-Clutch-for-Women%2Fdp%2FB0C89VCC8Y%2Fref%3Dsr_1_99_sspa%3Fdib%3DeyJ2IjoiMSJ9.Pe1YcHSH01lh0-ocPZhZdiJp0EYSvHNeO0wJvebnuESMsWogp9lIn_OMcSdagsgGSeKUhK-4W8GISN0vroFGF46fHgMo2kGHgkVAExifXxilBv6nuE_WG7BRyIo5CvQCjBeDtI7gTnHgqe1YO8ZBB2EHJreM5RwAEIJMUe9HDBC9dYBba9ok8Vwio8OwQngNA6xq8uESOoc5zmk5lPPqtPqu3ybRz_24oPOZTvGyO6Rx5P1TOUNeHd0vxTIDxrdwEI5KU06Zi_DN05A3xWj57XDBC0D9SV3qhf3qMYNN_4Q.NMDCG9WwDwpRbA3skH1VI2sg2RtGeBvv2lnqb2Jj4mM%26dib_tag%3Dse%26keywords%3Dclutches%26qid%3D1747736295%26sr%3D8-99-spons%26sp_csd%3Dd2lkZ2V0TmFtZT1zcF9hdGZfbmV4dA%26psc%3D1,https://m.media-amazon.com/images/I/717Zadd3uDL._AC_UL320_.jpg,₹804,"₹1,149"
PEORA,https://www.amazon.in/sspa/click?ie=UTF8&spc=MTo0NDk0ODQxNjY4NjAzMTY4OjE3NDc3MzYyOTU6c3BfYXRmX25leHQ6MzAwMTU3MzE5MDkwOTMyOjowOjo&url=%2FPeora-Wedding-Handmade-Handbags-C61GRN%2Fdp%2FB09TPMSLYJ%2Fref%3Dsr_1_100_sspa%3Fdib%3DeyJ2IjoiMSJ9.Pe1YcHSH01lh0-ocPZhZdiJp0EYSvHNeO0wJvebnuESMsWogp9lIn_OMcSdagsgGSeKUhK-4W8GISN0vroFGF46fHgMo2kGHgkVAExifXxilBv6nuE_WG7BRyIo5CvQCjBeDtI7gTnHgqe1YO8ZBB2EHJreM5RwAEIJMUe9HDBC9dYBba9ok8Vwio8OwQngNA6xq8uESOoc5zmk5lPPqtPqu3ybRz_24oPOZTvGyO6Rx5P1TOUNeHd0vxTIDxrdwEI5KU06Zi_DN05A3xWj57XDBC0D9SV3qhf3qMYNN_4Q.NMDCG9WwDwpRbA3skH1VI2sg2RtGeBvv2lnqb2Jj4mM%26dib_tag%3Dse%26keywords%3Dclutches%26qid%3D1747736295%26sr%3D8-100-spons%26sp_csd%3Dd2lkZ2V0TmFtZT1zcF9hdGZfbmV4dA%26psc%3D1,https://m.media-amazon.com/images/I/8174mnZmBEL._AC_UL320_.jpg,"₹1,699","₹6,995"
TOOBA,https://www.amazon.in/Tooba-Womens-Handicraft-Embroidered-Clutch/dp/B07KN89G6S/ref=sr_1_101?dib=eyJ2IjoiMSJ9.Pe1YcHSH01lh0-ocPZhZdiJp0EYSvHNeO0wJvebnuESMsWogp9lIn_OMcSdagsgGSeKUhK-4W8GISN0vroFGF46fHgMo2kGHgkVAExifXxilBv6nuE_WG7BRyIo5CvQCjBeDtI7gTnHgqe1YO8ZBB2EHJreM5RwAEIJMUe9HDBC9dYBba9ok8Vwio8OwQngNA6xq8uESOoc5zmk5lPPqtPqu3ybRz_24oPOZTvGyO6Rx5P1TOUNeHd0vxTIDxrdwEI5KU06Zi_DN05A3xWj57XDBC0D9SV3qhf3qMYNN_4Q.NMDCG9WwDwpRbA3skH1VI2sg2RtGeBvv2lnqb2Jj4mM&dib_tag=se&keywords=clutches&qid=1747736295&sr=8-101,https://m.media-amazon.com/images/I/71z4f5C+4rL._AC_UL320_.jpg,₹692,"₹4,999"
TOOBA,https://www.amazon.in/Tooba-Handicraft-Embroidered-Wedding-Metallic/dp/B07TZSZJQG/ref=sr_1_102?dib=eyJ2IjoiMSJ9.Pe1YcHSH01lh0-ocPZhZdiJp0EYSvHNeO0wJvebnuESMsWogp9lIn_OMcSdagsgGSeKUhK-4W8GISN0vroFGF46fHgMo2kGHgkVAExifXxilBv6nuE_WG7BRyIo5CvQCjBeDtI7gTnHgqe1YO8ZBB2EHJreM5RwAEIJMUe9HDBC9dYBba9ok8Vwio8OwQngNA6xq8uESOoc5zmk5lPPqtPqu3ybRz_24oPOZTvGyO6Rx5P1TOUNeHd0vxTIDxrdwEI5KU06Zi_DN05A3xWj57XDBC0D9SV3qhf3qMYNN_4Q.NMDCG9WwDwpRbA3skH1VI2sg2RtGeBvv2lnqb2Jj4mM&dib_tag=se&keywords=clutches&qid=1747736295&sr=8-102,https://m.media-amazon.com/images/I/81Pd5ClMaiL._AC_UL320_.jpg,₹480,"₹4,999"
TOOBA,https://www.amazon.in/Tooba-Womens-Handicraft-Beautiful-Occasion/dp/B07TGBGNGK/ref=sr_1_103?dib=eyJ2IjoiMSJ9.Pe1YcHSH01lh0-ocPZhZdiJp0EYSvHNeO0wJvebnuESMsWogp9lIn_OMcSdagsgGSeKUhK-4W8GISN0vroFGF46fHgMo2kGHgkVAExifXxilBv6nuE_WG7BRyIo5CvQCjBeDtI7gTnHgqe1YO8ZBB2EHJreM5RwAEIJMUe9HDBC9dYBba9ok8Vwio8OwQngNA6xq8uESOoc5zmk5lPPqtPqu3ybRz_24oPOZTvGyO6Rx5P1TOUNeHd0vxTIDxrdwEI5KU06Zi_DN05A3xWj57XDBC0D9SV3qhf3qMYNN_4Q.NMDCG9WwDwpRbA3skH1VI2sg2RtGeBvv2lnqb2Jj4mM&dib_tag=se&keywords=clutches&qid=1747736295&sr=8-103,https://m.media-amazon.com/images/I/61qhdkdATFL._AC_UL320_.jpg,₹755,"₹4,999"
TOOBA,https://www.amazon.in/TOOBA-Carbon-Black-pearl-tree/dp/B079LVTLS2/ref=sr_1_104?dib=eyJ2IjoiMSJ9.Pe1YcHSH01lh0-ocPZhZdiJp0EYSvHNeO0wJvebnuESMsWogp9lIn_OMcSdagsgGSeKUhK-4W8GISN0vroFGF46fHgMo2kGHgkVAExifXxilBv6nuE_WG7BRyIo5CvQCjBeDtI7gTnHgqe1YO8ZBB2EHJreM5RwAEIJMUe9HDBC9dYBba9ok8Vwio8OwQngNA6xq8uESOoc5zmk5lPPqtPqu3ybRz_24oPOZTvGyO6Rx5P1TOUNeHd0vxTIDxrdwEI5KU06Zi_DN05A3xWj57XDBC0D9SV3qhf3qMYNN_4Q.NMDCG9WwDwpRbA3skH1VI2sg2RtGeBvv2lnqb2Jj4mM&dib_tag=se&keywords=clutches&qid=1747736295&sr=8-104,https://m.media-amazon.com/images/I/81q0DVqXJwL._AC_UL320_.jpg,₹836,"₹4,999"
TOOBA,https://www.amazon.in/Tooba-Pink-Printed-sequins-aari/dp/B07RRPNYYL/ref=sr_1_105?dib=eyJ2IjoiMSJ9.Pe1YcHSH01lh0-ocPZhZdiJp0EYSvHNeO0wJvebnuESMsWogp9lIn_OMcSdagsgGSeKUhK-4W8GISN0vroFGF46fHgMo2kGHgkVAExifXxilBv6nuE_WG7BRyIo5CvQCjBeDtI7gTnHgqe1YO8ZBB2EHJreM5RwAEIJMUe9HDBC9dYBba9ok8Vwio8OwQngNA6xq8uESOoc5zmk5lPPqtPqu3ybRz_24oPOZTvGyO6Rx5P1TOUNeHd0vxTIDxrdwEI5KU06Zi_DN05A3xWj57XDBC0D9SV3qhf3qMYNN_4Q.NMDCG9WwDwpRbA3skH1VI2sg2RtGeBvv2lnqb2Jj4mM&dib_tag=se&keywords=clutches&qid=1747736295&sr=8-105,https://m.media-amazon.com/images/I/81q-BXRN7aL._AC_UL320_.jpg,₹444,"₹4,999"
TOOBA,https://www.amazon.in/Tooba-Handicraft-Embroidered-Wedding-Leatherite/dp/B07YVJXBK6/ref=sr_1_106?dib=eyJ2IjoiMSJ9.Pe1YcHSH01lh0-ocPZhZdiJp0EYSvHNeO0wJvebnuESMsWogp9lIn_OMcSdagsgGSeKUhK-4W8GISN0vroFGF46fHgMo2kGHgkVAExifXxilBv6nuE_WG7BRyIo5CvQCjBeDtI7gTnHgqe1YO8ZBB2EHJreM5RwAEIJMUe9HDBC9dYBba9ok8Vwio8OwQngNA6xq8uESOoc5zmk5lPPqtPqu3ybRz_24oPOZTvGyO6Rx5P1TOUNeHd0vxTIDxrdwEI5KU06Zi_DN05A3xWj57XDBC0D9SV3qhf3qMYNN_4Q.NMDCG9WwDwpRbA3skH1VI2sg2RtGeBvv2lnqb2Jj4mM&dib_tag=se&keywords=clutches&qid=1747736295&sr=8-106,https://m.media-amazon.com/images/I/31YpYRAB11L._AC_UL320_.jpg,₹659,"₹4,999"
TOOBA,https://www.amazon.in/Tooba-Girls-Embroidered-Clutch-Black/dp/B01KV7LA6O/ref=sr_1_107?dib=eyJ2IjoiMSJ9.Pe1YcHSH01lh0-ocPZhZdiJp0EYSvHNeO0wJvebnuESMsWogp9lIn_OMcSdagsgGSeKUhK-4W8GISN0vroFGF46fHgMo2kGHgkVAExifXxilBv6nuE_WG7BRyIo5CvQCjBeDtI7gTnHgqe1YO8ZBB2EHJreM5RwAEIJMUe9HDBC9dYBba9ok8Vwio8OwQngNA6xq8uESOoc5zmk5lPPqtPqu3ybRz_24oPOZTvGyO6Rx5P1TOUNeHd0vxTIDxrdwEI5KU06Zi_DN05A3xWj57XDBC0D9SV3qhf3qMYNN_4Q.NMDCG9WwDwpRbA3skH1VI2sg2RtGeBvv2lnqb2Jj4mM&dib_tag=se&keywords=clutches&qid=1747736295&sr=8-107,https://m.media-amazon.com/images/I/91Ya1jYJrvL._AC_UL320_.jpg,₹612,"₹4,999"
TOOBA,https://www.amazon.in/Tooba-Handicraft-Womens-Leatherite-Beautiful/dp/B07TXRBDZT/ref=sr_1_108?dib=eyJ2IjoiMSJ9.Pe1YcHSH01lh0-ocPZhZdiJp0EYSvHNeO0wJvebnuESMsWogp9lIn_OMcSdagsgGSeKUhK-4W8GISN0vroFGF46fHgMo2kGHgkVAExifXxilBv6nuE_WG7BRyIo5CvQCjBeDtI7gTnHgqe1YO8ZBB2EHJreM5RwAEIJMUe9HDBC9dYBba9ok8Vwio8OwQngNA6xq8uESOoc5zmk5lPPqtPqu3ybRz_24oPOZTvGyO6Rx5P1TOUNeHd0vxTIDxrdwEI5KU06Zi_DN05A3xWj57XDBC0D9SV3qhf3qMYNN_4Q.NMDCG9WwDwpRbA3skH1VI2sg2RtGeBvv2lnqb2Jj4mM&dib_tag=se&keywords=clutches&qid=1747736295&sr=8-108,https://m.media-amazon.com/images/I/61vkpgngkkL._AC_UL320_.jpg,₹643,"₹3,498"
TOOBA,https://www.amazon.in/Tooba-Womens-Synthetic-Flower-Sparkling/dp/B07TTJQMFP/ref=sr_1_109?dib=eyJ2IjoiMSJ9.Pe1YcHSH01lh0-ocPZhZdiJp0EYSvHNeO0wJvebnuESMsWogp9lIn_OMcSdagsgGSeKUhK-4W8GISN0vroFGF46fHgMo2kGHgkVAExifXxilBv6nuE_WG7BRyIo5CvQCjBeDtI7gTnHgqe1YO8ZBB2EHJreM5RwAEIJMUe9HDBC9dYBba9ok8Vwio8OwQngNA6xq8uESOoc5zmk5lPPqtPqu3ybRz_24oPOZTvGyO6Rx5P1TOUNeHd0vxTIDxrdwEI5KU06Zi_DN05A3xWj57XDBC0D9SV3qhf3qMYNN_4Q.NMDCG9WwDwpRbA3skH1VI2sg2RtGeBvv2lnqb2Jj4mM&dib_tag=se&keywords=clutches&qid=1747736295&sr=8-109,https://m.media-amazon.com/images/I/51Tq2jB8FYL._AC_UL320_.jpg,₹735,"₹3,498"
TOOBA,https://www.amazon.in/Tooba-Womens-Handicraft-Beautiful-Flower/dp/B07RFHZCJN/ref=sr_1_110?dib=eyJ2IjoiMSJ9.Pe1YcHSH01lh0-ocPZhZdiJp0EYSvHNeO0wJvebnuESMsWogp9lIn_OMcSdagsgGSeKUhK-4W8GISN0vroFGF46fHgMo2kGHgkVAExifXxilBv6nuE_WG7BRyIo5CvQCjBeDtI7gTnHgqe1YO8ZBB2EHJreM5RwAEIJMUe9HDBC9dYBba9ok8Vwio8OwQngNA6xq8uESOoc5zmk5lPPqtPqu3ybRz_24oPOZTvGyO6Rx5P1TOUNeHd0vxTIDxrdwEI5KU06Zi_DN05A3xWj57XDBC0D9SV3qhf3qMYNN_4Q.NMDCG9WwDwpRbA3skH1VI2sg2RtGeBvv2lnqb2Jj4mM&dib_tag=se&keywords=clutches&qid=1747736295&sr=8-110,https://m.media-amazon.com/images/I/41mBpvWRJzL._AC_UL320_.jpg,₹759,"₹4,999"
ANNACREATIONS,https://www.amazon.in/CREATIONS-Clutches-Barrettes-Accessories-Strong/dp/B09G35P2GR/ref=sr_1_111?dib=eyJ2IjoiMSJ9.Pe1YcHSH01lh0-ocPZhZdiJp0EYSvHNeO0wJvebnuESMsWogp9lIn_OMcSdagsgGSeKUhK-4W8GISN0vroFGF46fHgMo2kGHgkVAExifXxilBv6nuE_WG7BRyIo5CvQCjBeDtI7gTnHgqe1YO8ZBB2EHJreM5RwAEIJMUe9HDBC9dYBba9ok8Vwio8OwQngNA6xq8uESOoc5zmk5lPPqtPqu3ybRz_24oPOZTvGyO6Rx5P1TOUNeHd0vxTIDxrdwEI5KU06Zi_DN05A3xWj57XDBC0D9SV3qhf3qMYNN_4Q.NMDCG9WwDwpRbA3skH1VI2sg2RtGeBvv2lnqb2Jj4mM&dib_tag=se&keywords=clutches&qid=1747736295&sr=8-111,https://m.media-amazon.com/images/I/71x2ZVvAyeL._AC_UL320_.jpg,₹227,₹999
Avighna,https://www.amazon.in/Avighna-Womens-Perfume-valentines-girlfriend/dp/B09HVWKWY3/ref=sr_1_112?dib=eyJ2IjoiMSJ9.Pe1YcHSH01lh0-ocPZhZdiJp0EYSvHNeO0wJvebnuESMsWogp9lIn_OMcSdagsgGSeKUhK-4W8GISN0vroFGF46fHgMo2kGHgkVAExifXxilBv6nuE_WG7BRyIo5CvQCjBeDtI7gTnHgqe1YO8ZBB2EHJreM5RwAEIJMUe9HDBC9dYBba9ok8Vwio8OwQngNA6xq8uESOoc5zmk5lPPqtPqu3ybRz_24oPOZTvGyO6Rx5P1TOUNeHd0vxTIDxrdwEI5KU06Zi_DN05A3xWj57XDBC0D9SV3qhf3qMYNN_4Q.NMDCG9WwDwpRbA3skH1VI2sg2RtGeBvv2lnqb2Jj4mM&dib_tag=se&keywords=clutches&qid=1747736295&sr=8-112,https://m.media-amazon.com/images/I/81tkB34vZKL._AC_UL320_.jpg,₹999,"₹1,999"
TOOBA,https://www.amazon.in/Tooba-Handicraft-Beautiful-Flower-Wedding/dp/B07YJ55SFT/ref=sr_1_113?dib=eyJ2IjoiMSJ9.Pe1YcHSH01lh0-ocPZhZdiJp0EYSvHNeO0wJvebnuESMsWogp9lIn_OMcSdagsgGSeKUhK-4W8GISN0vroFGF46fHgMo2kGHgkVAExifXxilBv6nuE_WG7BRyIo5CvQCjBeDtI7gTnHgqe1YO8ZBB2EHJreM5RwAEIJMUe9HDBC9dYBba9ok8Vwio8OwQngNA6xq8uESOoc5zmk5lPPqtPqu3ybRz_24oPOZTvGyO6Rx5P1TOUNeHd0vxTIDxrdwEI5KU06Zi_DN05A3xWj57XDBC0D9SV3qhf3qMYNN_4Q.NMDCG9WwDwpRbA3skH1VI2sg2RtGeBvv2lnqb2Jj4mM&dib_tag=se&keywords=clutches&qid=1747736295&sr=8-113,https://m.media-amazon.com/images/I/4142s9NSZ+L._AC_UL320_.jpg,₹477,"₹4,999"
TheTopKnott,https://www.amazon.in/Top-Knott-Crystal-Fashion-Handbag/dp/B0BT1GBJRS/ref=sr_1_114?dib=eyJ2IjoiMSJ9.Pe1YcHSH01lh0-ocPZhZdiJp0EYSvHNeO0wJvebnuESMsWogp9lIn_OMcSdagsgGSeKUhK-4W8GISN0vroFGF46fHgMo2kGHgkVAExifXxilBv6nuE_WG7BRyIo5CvQCjBeDtI7gTnHgqe1YO8ZBB2EHJreM5RwAEIJMUe9HDBC9dYBba9ok8Vwio8OwQngNA6xq8uESOoc5zmk5lPPqtPqu3ybRz_24oPOZTvGyO6Rx5P1TOUNeHd0vxTIDxrdwEI5KU06Zi_DN05A3xWj57XDBC0D9SV3qhf3qMYNN_4Q.NMDCG9WwDwpRbA3skH1VI2sg2RtGeBvv2lnqb2Jj4mM&dib_tag=se&keywords=clutches&qid=1747736295&sr=8-114,https://m.media-amazon.com/images/I/61OkKP1qE4L._AC_UL320_.jpg,₹499,₹999
TOOBA,https://www.amazon.in/Tooba-Magenta-Printed-sequins-aari/dp/B07Q4JP9NH/ref=sr_1_115?dib=eyJ2IjoiMSJ9.Pe1YcHSH01lh0-ocPZhZdiJp0EYSvHNeO0wJvebnuESMsWogp9lIn_OMcSdagsgGSeKUhK-4W8GISN0vroFGF46fHgMo2kGHgkVAExifXxilBv6nuE_WG7BRyIo5CvQCjBeDtI7gTnHgqe1YO8ZBB2EHJreM5RwAEIJMUe9HDBC9dYBba9ok8Vwio8OwQngNA6xq8uESOoc5zmk5lPPqtPqu3ybRz_24oPOZTvGyO6Rx5P1TOUNeHd0vxTIDxrdwEI5KU06Zi_DN05A3xWj57XDBC0D9SV3qhf3qMYNN_4Q.NMDCG9WwDwpRbA3skH1VI2sg2RtGeBvv2lnqb2Jj4mM&dib_tag=se&keywords=clutches&qid=1747736295&sr=8-115,https://m.media-amazon.com/images/I/81H0kwpEOIL._AC_UL320_.jpg,₹449,"₹4,999"
TOOBA,https://www.amazon.in/TOOBA-Handicraft-Embroidered-Clutch-Wedding/dp/B07Q3LGHW6/ref=sr_1_116?dib=eyJ2IjoiMSJ9.Pe1YcHSH01lh0-ocPZhZdiJp0EYSvHNeO0wJvebnuESMsWogp9lIn_OMcSdagsgGSeKUhK-4W8GISN0vroFGF46fHgMo2kGHgkVAExifXxilBv6nuE_WG7BRyIo5CvQCjBeDtI7gTnHgqe1YO8ZBB2EHJreM5RwAEIJMUe9HDBC9dYBba9ok8Vwio8OwQngNA6xq8uESOoc5zmk5lPPqtPqu3ybRz_24oPOZTvGyO6Rx5P1TOUNeHd0vxTIDxrdwEI5KU06Zi_DN05A3xWj57XDBC0D9SV3qhf3qMYNN_4Q.NMDCG9WwDwpRbA3skH1VI2sg2RtGeBvv2lnqb2Jj4mM&dib_tag=se&keywords=clutches&qid=1747736295&sr=8-116,https://m.media-amazon.com/images/I/81-PaDlCjRL._AC_UL320_.jpg,₹444,"₹4,999"
New Style Handicraft,https://www.amazon.in/sspa/click?ie=UTF8&spc=MTo0NDk0ODQxNjY4NjAzMTY4OjE3NDc3MzYyOTU6c3BfbXRmOjMwMDU2NjI3Mjg3ODIzMjo6MDo6&url=%2FNew-Style-Handicraft-Removable-Multicolor%2Fdp%2FB0CF9W4RGR%2Fref%3Dsr_1_117_sspa%3Fdib%3DeyJ2IjoiMSJ9.Pe1YcHSH01lh0-ocPZhZdiJp0EYSvHNeO0wJvebnuESMsWogp9lIn_OMcSdagsgGSeKUhK-4W8GISN0vroFGF46fHgMo2kGHgkVAExifXxilBv6nuE_WG7BRyIo5CvQCjBeDtI7gTnHgqe1YO8ZBB2EHJreM5RwAEIJMUe9HDBC9dYBba9ok8Vwio8OwQngNA6xq8uESOoc5zmk5lPPqtPqu3ybRz_24oPOZTvGyO6Rx5P1TOUNeHd0vxTIDxrdwEI5KU06Zi_DN05A3xWj57XDBC0D9SV3qhf3qMYNN_4Q.NMDCG9WwDwpRbA3skH1VI2sg2RtGeBvv2lnqb2Jj4mM%26dib_tag%3Dse%26keywords%3Dclutches%26qid%3D1747736295%26sr%3D8-117-spons%26sp_csd%3Dd2lkZ2V0TmFtZT1zcF9tdGY%26psc%3D1,https://m.media-amazon.com/images/I/51edfb4EW3L._AC_UL320_.jpg,"₹1,037.82","₹1,299"
PEORA,https://www.amazon.in/sspa/click?ie=UTF8&spc=MTo0NDk0ODQxNjY4NjAzMTY4OjE3NDc3MzYyOTU6c3BfbXRmOjMwMDE1NzI2NzY5NjAzMjo6MDo6&url=%2FPeora-Wedding-Handmade-Handbags-C37G%2Fdp%2FB09XXP1Q59%2Fref%3Dsr_1_118_sspa%3Fdib%3DeyJ2IjoiMSJ9.Pe1YcHSH01lh0-ocPZhZdiJp0EYSvHNeO0wJvebnuESMsWogp9lIn_OMcSdagsgGSeKUhK-4W8GISN0vroFGF46fHgMo2kGHgkVAExifXxilBv6nuE_WG7BRyIo5CvQCjBeDtI7gTnHgqe1YO8ZBB2EHJreM5RwAEIJMUe9HDBC9dYBba9ok8Vwio8OwQngNA6xq8uESOoc5zmk5lPPqtPqu3ybRz_24oPOZTvGyO6Rx5P1TOUNeHd0vxTIDxrdwEI5KU06Zi_DN05A3xWj57XDBC0D9SV3qhf3qMYNN_4Q.NMDCG9WwDwpRbA3skH1VI2sg2RtGeBvv2lnqb2Jj4mM%26dib_tag%3Dse%26keywords%3Dclutches%26qid%3D1747736295%26sr%3D8-118-spons%26sp_csd%3Dd2lkZ2V0TmFtZT1zcF9tdGY%26psc%3D1,https://m.media-amazon.com/images/I/81LDPdaw1AL._AC_UL320_.jpg,"₹1,785","₹7,745"
New Style Handicraft,https://www.amazon.in/sspa/click?ie=UTF8&spc=MTo0NDk0ODQxNjY4NjAzMTY4OjE3NDc3MzYyOTU6c3BfbXRmOjMwMDU2NjI3Mjg3NzIzMjo6MDo6&url=%2FNew-Style-Handicraft-Clutches-Celebrities%2Fdp%2FB0CG6FQKBC%2Fref%3Dsr_1_119_sspa%3Fdib%3DeyJ2IjoiMSJ9.Pe1YcHSH01lh0-ocPZhZdiJp0EYSvHNeO0wJvebnuESMsWogp9lIn_OMcSdagsgGSeKUhK-4W8GISN0vroFGF46fHgMo2kGHgkVAExifXxilBv6nuE_WG7BRyIo5CvQCjBeDtI7gTnHgqe1YO8ZBB2EHJreM5RwAEIJMUe9HDBC9dYBba9ok8Vwio8OwQngNA6xq8uESOoc5zmk5lPPqtPqu3ybRz_24oPOZTvGyO6Rx5P1TOUNeHd0vxTIDxrdwEI5KU06Zi_DN05A3xWj57XDBC0D9SV3qhf3qMYNN_4Q.NMDCG9WwDwpRbA3skH1VI2sg2RtGeBvv2lnqb2Jj4mM%26dib_tag%3Dse%26keywords%3Dclutches%26qid%3D1747736295%26sr%3D8-119-spons%26sp_csd%3Dd2lkZ2V0TmFtZT1zcF9tdGY%26psc%3D1,https://m.media-amazon.com/images/I/61+hJiySAxL._AC_UL320_.jpg,₹943,"₹1,999"
New Style Handicraft,https://www.amazon.in/sspa/click?ie=UTF8&spc=MTo0NDk0ODQxNjY4NjAzMTY4OjE3NDc3MzYyOTU6c3BfbXRmOjMwMDIyOTU1NDU3NzYzMjo6MDo6&url=%2FNew-Style-Handicraft-Clutches-Handbag%2Fdp%2FB0CGRPXM3B%2Fref%3Dsr_1_120_sspa%3Fdib%3DeyJ2IjoiMSJ9.Pe1YcHSH01lh0-ocPZhZdiJp0EYSvHNeO0wJvebnuESMsWogp9lIn_OMcSdagsgGSeKUhK-4W8GISN0vroFGF46fHgMo2kGHgkVAExifXxilBv6nuE_WG7BRyIo5CvQCjBeDtI7gTnHgqe1YO8ZBB2EHJreM5RwAEIJMUe9HDBC9dYBba9ok8Vwio8OwQngNA6xq8uESOoc5zmk5lPPqtPqu3ybRz_24oPOZTvGyO6Rx5P1TOUNeHd0vxTIDxrdwEI5KU06Zi_DN05A3xWj57XDBC0D9SV3qhf3qMYNN_4Q.NMDCG9WwDwpRbA3skH1VI2sg2RtGeBvv2lnqb2Jj4mM%26dib_tag%3Dse%26keywords%3Dclutches%26qid%3D1747736295%26sr%3D8-120-spons%26sp_csd%3Dd2lkZ2V0TmFtZT1zcF9tdGY%26psc%3D1,https://m.media-amazon.com/images/I/51muY-2oMML._AC_UL320_.jpg,"₹1,093","₹1,599"
TOOBA,https://www.amazon.in/Tooba-Womens-Handicraft-Flower-Clutch/dp/B07LCQXHMP/ref=sr_1_121?dib=eyJ2IjoiMSJ9.Pe1YcHSH01lh0-ocPZhZdiJp0EYSvHNeO0wJvebnuESMsWogp9lIn_OMcSdagsgGSeKUhK-4W8GISN0vroFGF46fHgMo2kGHgkVAExifXxilBv6nuE_WG7BRyIo5CvQCjBeDtI7gTnHgqe1YO8ZBB2EHJreM5RwAEIJMUe9HDBC9dYBba9ok8Vwio8OwQngNA6xq8uESOoc5zmk5lPPqtPqu3ybRz_24oPOZTvGyO6Rx5P1TOUNeHd0vxTIDxrdwEI5KU06Zi_DN05A3xWj57XDBC0D9SV3qhf3qMYNN_4Q.NMDCG9WwDwpRbA3skH1VI2sg2RtGeBvv2lnqb2Jj4mM&dib_tag=se&keywords=clutches&qid=1747736295&sr=8-121,https://m.media-amazon.com/images/I/91eoBUi7HuL._AC_UL320_.jpg,₹735,"₹3,498"
Puma,https://www.amazon.in/Puma-Womens-SIGNATURE-Clutch-9210201/dp/B0DSC6Q6XM/ref=sr_1_122?dib=eyJ2IjoiMSJ9.Pe1YcHSH01lh0-ocPZhZdiJp0EYSvHNeO0wJvebnuESMsWogp9lIn_OMcSdagsgGSeKUhK-4W8GISN0vroFGF46fHgMo2kGHgkVAExifXxilBv6nuE_WG7BRyIo5CvQCjBeDtI7gTnHgqe1YO8ZBB2EHJreM5RwAEIJMUe9HDBC9dYBba9ok8Vwio8OwQngNA6xq8uESOoc5zmk5lPPqtPqu3ybRz_24oPOZTvGyO6Rx5P1TOUNeHd0vxTIDxrdwEI5KU06Zi_DN05A3xWj57XDBC0D9SV3qhf3qMYNN_4Q.NMDCG9WwDwpRbA3skH1VI2sg2RtGeBvv2lnqb2Jj4mM&dib_tag=se&keywords=clutches&qid=1747736295&sr=8-122,https://m.media-amazon.com/images/I/61TS33WLVaL._AC_UL320_.jpg,"₹1,249","₹2,499"
BIRDWARE,https://www.amazon.in/BIRDWARE-Plastic-Clutch-Clutchers-clutchers/dp/B09WDX1NVS/ref=sr_1_123?dib=eyJ2IjoiMSJ9.Pe1YcHSH01lh0-ocPZhZdiJp0EYSvHNeO0wJvebnuESMsWogp9lIn_OMcSdagsgGSeKUhK-4W8GISN0vroFGF46fHgMo2kGHgkVAExifXxilBv6nuE_WG7BRyIo5CvQCjBeDtI7gTnHgqe1YO8ZBB2EHJreM5RwAEIJMUe9HDBC9dYBba9ok8Vwio8OwQngNA6xq8uESOoc5zmk5lPPqtPqu3ybRz_24oPOZTvGyO6Rx5P1TOUNeHd0vxTIDxrdwEI5KU06Zi_DN05A3xWj57XDBC0D9SV3qhf3qMYNN_4Q.NMDCG9WwDwpRbA3skH1VI2sg2RtGeBvv2lnqb2Jj4mM&dib_tag=se&keywords=clutches&qid=1747736295&sr=8-123,https://m.media-amazon.com/images/I/71W0WHDjafL._AC_UL320_.jpg,₹265,₹499
TOOBA,https://www.amazon.in/TOOBA-Handicraft-Embroidered-Clutch-Wedding/dp/B07TSPTRHX/ref=sr_1_124?dib=eyJ2IjoiMSJ9.Pe1YcHSH01lh0-ocPZhZdiJp0EYSvHNeO0wJvebnuESMsWogp9lIn_OMcSdagsgGSeKUhK-4W8GISN0vroFGF46fHgMo2kGHgkVAExifXxilBv6nuE_WG7BRyIo5CvQCjBeDtI7gTnHgqe1YO8ZBB2EHJreM5RwAEIJMUe9HDBC9dYBba9ok8Vwio8OwQngNA6xq8uESOoc5zmk5lPPqtPqu3ybRz_24oPOZTvGyO6Rx5P1TOUNeHd0vxTIDxrdwEI5KU06Zi_DN05A3xWj57XDBC0D9SV3qhf3qMYNN_4Q.NMDCG9WwDwpRbA3skH1VI2sg2RtGeBvv2lnqb2Jj4mM&dib_tag=se&keywords=clutches&qid=1747736295&sr=8-124,https://m.media-amazon.com/images/I/91OAvP2JFrL._AC_UL320_.jpg,₹502,"₹4,999"
TOOBA,https://www.amazon.in/TOOBA-Handicraft-Beautiful-Flower-Wedding/dp/B07N7GW8HN/ref=sr_1_125?dib=eyJ2IjoiMSJ9.Pe1YcHSH01lh0-ocPZhZdiJp0EYSvHNeO0wJvebnuESMsWogp9lIn_OMcSdagsgGSeKUhK-4W8GISN0vroFGF46fHgMo2kGHgkVAExifXxilBv6nuE_WG7BRyIo5CvQCjBeDtI7gTnHgqe1YO8ZBB2EHJreM5RwAEIJMUe9HDBC9dYBba9ok8Vwio8OwQngNA6xq8uESOoc5zmk5lPPqtPqu3ybRz_24oPOZTvGyO6Rx5P1TOUNeHd0vxTIDxrdwEI5KU06Zi_DN05A3xWj57XDBC0D9SV3qhf3qMYNN_4Q.NMDCG9WwDwpRbA3skH1VI2sg2RtGeBvv2lnqb2Jj4mM&dib_tag=se&keywords=clutches&qid=1747736295&sr=8-125,https://m.media-amazon.com/images/I/71HbXojgnBL._AC_UL320_.jpg,₹836,"₹4,999"
TOOBA,https://www.amazon.in/Tooba-Handicraft-Womens-Leatherite-Clutch/dp/B07TWMZHQ1/ref=sr_1_126?dib=eyJ2IjoiMSJ9.Pe1YcHSH01lh0-ocPZhZdiJp0EYSvHNeO0wJvebnuESMsWogp9lIn_OMcSdagsgGSeKUhK-4W8GISN0vroFGF46fHgMo2kGHgkVAExifXxilBv6nuE_WG7BRyIo5CvQCjBeDtI7gTnHgqe1YO8ZBB2EHJreM5RwAEIJMUe9HDBC9dYBba9ok8Vwio8OwQngNA6xq8uESOoc5zmk5lPPqtPqu3ybRz_24oPOZTvGyO6Rx5P1TOUNeHd0vxTIDxrdwEI5KU06Zi_DN05A3xWj57XDBC0D9SV3qhf3qMYNN_4Q.NMDCG9WwDwpRbA3skH1VI2sg2RtGeBvv2lnqb2Jj4mM&dib_tag=se&keywords=clutches&qid=1747736295&sr=8-126,https://m.media-amazon.com/images/I/81Nd9kn1xqL._AC_UL320_.jpg,₹643,"₹4,999"
Maitreyee Enterprise,https://www.amazon.in/Maitreyee-Enterprise-Womens-Clutch-White/dp/B07BNCZG9Q/ref=sr_1_127?dib=eyJ2IjoiMSJ9.Pe1YcHSH01lh0-ocPZhZdiJp0EYSvHNeO0wJvebnuESMsWogp9lIn_OMcSdagsgGSeKUhK-4W8GISN0vroFGF46fHgMo2kGHgkVAExifXxilBv6nuE_WG7BRyIo5CvQCjBeDtI7gTnHgqe1YO8ZBB2EHJreM5RwAEIJMUe9HDBC9dYBba9ok8Vwio8OwQngNA6xq8uESOoc5zmk5lPPqtPqu3ybRz_24oPOZTvGyO6Rx5P1TOUNeHd0vxTIDxrdwEI5KU06Zi_DN05A3xWj57XDBC0D9SV3qhf3qMYNN_4Q.NMDCG9WwDwpRbA3skH1VI2sg2RtGeBvv2lnqb2Jj4mM&dib_tag=se&keywords=clutches&qid=1747736295&sr=8-127,https://m.media-amazon.com/images/I/81eaOgVy1qL._AC_UL320_.jpg,₹399,₹400
TOOBA,https://www.amazon.in/Tooba-Flowers-black-flowers-6x4/dp/B0796X8QP8/ref=sr_1_129?dib=eyJ2IjoiMSJ9.Pe1YcHSH01lh0-ocPZhZdiJp0EYSvHNeO0wJvebnuESMsWogp9lIn_OMcSdagsgGSeKUhK-4W8GISN0vroFGF46fHgMo2kGHgkVAExifXxilBv6nuE_WG7BRyIo5CvQCjBeDtI7gTnHgqe1YO8ZBB2EHJreM5RwAEIJMUe9HDBC9dYBba9ok8Vwio8OwQngNA6xq8uESOoc5zmk5lPPqtPqu3ybRz_24oPOZTvGyO6Rx5P1TOUNeHd0vxTIDxrdwEI5KU06Zi_DN05A3xWj57XDBC0D9SV3qhf3qMYNN_4Q.NMDCG9WwDwpRbA3skH1VI2sg2RtGeBvv2lnqb2Jj4mM&dib_tag=se&keywords=clutches&qid=1747736295&sr=8-129,https://m.media-amazon.com/images/I/81PsSQmS-4L._AC_UL320_.jpg,₹755,"₹3,498"
Soham International,https://www.amazon.in/Soham-International-Styling-Multicolour-Clutches/dp/B07V8BZ419/ref=sr_1_130?dib=eyJ2IjoiMSJ9.Pe1YcHSH01lh0-ocPZhZdiJp0EYSvHNeO0wJvebnuESMsWogp9lIn_OMcSdagsgGSeKUhK-4W8GISN0vroFGF46fHgMo2kGHgkVAExifXxilBv6nuE_WG7BRyIo5CvQCjBeDtI7gTnHgqe1YO8ZBB2EHJreM5RwAEIJMUe9HDBC9dYBba9ok8Vwio8OwQngNA6xq8uESOoc5zmk5lPPqtPqu3ybRz_24oPOZTvGyO6Rx5P1TOUNeHd0vxTIDxrdwEI5KU06Zi_DN05A3xWj57XDBC0D9SV3qhf3qMYNN_4Q.NMDCG9WwDwpRbA3skH1VI2sg2RtGeBvv2lnqb2Jj4mM&dib_tag=se&keywords=clutches&qid=1747736295&sr=8-130,https://m.media-amazon.com/images/I/61XBFPFds3L._AC_UL320_.jpg,₹181,₹399
Yellow Chimes,https://www.amazon.in/Yellow-Chimes-Accessories-Multicolor-Butterfly/dp/B0B287V6NB/ref=sr_1_132?dib=eyJ2IjoiMSJ9.Pe1YcHSH01lh0-ocPZhZdiJp0EYSvHNeO0wJvebnuESMsWogp9lIn_OMcSdagsgGSeKUhK-4W8GISN0vroFGF46fHgMo2kGHgkVAExifXxilBv6nuE_WG7BRyIo5CvQCjBeDtI7gTnHgqe1YO8ZBB2EHJreM5RwAEIJMUe9HDBC9dYBba9ok8Vwio8OwQngNA6xq8uESOoc5zmk5lPPqtPqu3ybRz_24oPOZTvGyO6Rx5P1TOUNeHd0vxTIDxrdwEI5KU06Zi_DN05A3xWj57XDBC0D9SV3qhf3qMYNN_4Q.NMDCG9WwDwpRbA3skH1VI2sg2RtGeBvv2lnqb2Jj4mM&dib_tag=se&keywords=clutches&qid=1747736295&sr=8-132,https://m.media-amazon.com/images/I/51zyYbNg2uL._AC_UL320_.jpg,₹329,₹945
TOOBA,https://www.amazon.in/Tooba-Womens-Handicraft-Beautiful-Clutch/dp/B07HRWYSBL/ref=sr_1_133?dib=eyJ2IjoiMSJ9.Pe1YcHSH01lh0-ocPZhZdiJp0EYSvHNeO0wJvebnuESMsWogp9lIn_OMcSdagsgGSeKUhK-4W8GISN0vroFGF46fHgMo2kGHgkVAExifXxilBv6nuE_WG7BRyIo5CvQCjBeDtI7gTnHgqe1YO8ZBB2EHJreM5RwAEIJMUe9HDBC9dYBba9ok8Vwio8OwQngNA6xq8uESOoc5zmk5lPPqtPqu3ybRz_24oPOZTvGyO6Rx5P1TOUNeHd0vxTIDxrdwEI5KU06Zi_DN05A3xWj57XDBC0D9SV3qhf3qMYNN_4Q.NMDCG9WwDwpRbA3skH1VI2sg2RtGeBvv2lnqb2Jj4mM&dib_tag=se&keywords=clutches&qid=1747736295&sr=8-133,https://m.media-amazon.com/images/I/71bhDdFY-rL._AC_UL320_.jpg,₹828,"₹4,999"
Looks Like fashion,https://www.amazon.in/looks-fashion-Clutches-Clutch-Multicolor/dp/B08BYHJMQ8/ref=sr_1_134?dib=eyJ2IjoiMSJ9.Pe1YcHSH01lh0-ocPZhZdiJp0EYSvHNeO0wJvebnuESMsWogp9lIn_OMcSdagsgGSeKUhK-4W8GISN0vroFGF46fHgMo2kGHgkVAExifXxilBv6nuE_WG7BRyIo5CvQCjBeDtI7gTnHgqe1YO8ZBB2EHJreM5RwAEIJMUe9HDBC9dYBba9ok8Vwio8OwQngNA6xq8uESOoc5zmk5lPPqtPqu3ybRz_24oPOZTvGyO6Rx5P1TOUNeHd0vxTIDxrdwEI5KU06Zi_DN05A3xWj57XDBC0D9SV3qhf3qMYNN_4Q.NMDCG9WwDwpRbA3skH1VI2sg2RtGeBvv2lnqb2Jj4mM&dib_tag=se&keywords=clutches&qid=1747736295&sr=8-134,https://m.media-amazon.com/images/I/51ryOfeHUAL._AC_UL320_.jpg,₹229,₹499
MYADDICTION,https://www.amazon.in/myaddiction-Antique-Metal-Purse-Clutch/dp/B0BBMLQDRL/ref=sr_1_135?dib=eyJ2IjoiMSJ9.Pe1YcHSH01lh0-ocPZhZdiJp0EYSvHNeO0wJvebnuESMsWogp9lIn_OMcSdagsgGSeKUhK-4W8GISN0vroFGF46fHgMo2kGHgkVAExifXxilBv6nuE_WG7BRyIo5CvQCjBeDtI7gTnHgqe1YO8ZBB2EHJreM5RwAEIJMUe9HDBC9dYBba9ok8Vwio8OwQngNA6xq8uESOoc5zmk5lPPqtPqu3ybRz_24oPOZTvGyO6Rx5P1TOUNeHd0vxTIDxrdwEI5KU06Zi_DN05A3xWj57XDBC0D9SV3qhf3qMYNN_4Q.NMDCG9WwDwpRbA3skH1VI2sg2RtGeBvv2lnqb2Jj4mM&dib_tag=se&keywords=clutches&qid=1747736295&sr=8-135,https://m.media-amazon.com/images/I/41m9S5V6nBL._AC_UL320_.jpg,₹687,"₹1,399"
TOOBA,https://www.amazon.in/TOOBA-Handicraft-Embroidered-6x4-Wedding/dp/B079VFKZ55/ref=sr_1_136?dib=eyJ2IjoiMSJ9.Pe1YcHSH01lh0-ocPZhZdiJp0EYSvHNeO0wJvebnuESMsWogp9lIn_OMcSdagsgGSeKUhK-4W8GISN0vroFGF46fHgMo2kGHgkVAExifXxilBv6nuE_WG7BRyIo5CvQCjBeDtI7gTnHgqe1YO8ZBB2EHJreM5RwAEIJMUe9HDBC9dYBba9ok8Vwio8OwQngNA6xq8uESOoc5zmk5lPPqtPqu3ybRz_24oPOZTvGyO6Rx5P1TOUNeHd0vxTIDxrdwEI5KU06Zi_DN05A3xWj57XDBC0D9SV3qhf3qMYNN_4Q.NMDCG9WwDwpRbA3skH1VI2sg2RtGeBvv2lnqb2Jj4mM&dib_tag=se&keywords=clutches&qid=1747736295&sr=8-136,https://m.media-amazon.com/images/I/91kXCL9VJBL._AC_UL320_.jpg,₹847,"₹4,999"
NANDANA COLLECTIONS,https://www.amazon.in/Nandana-Collection-clutch-golden-Silver/dp/B0CTQWK783/ref=sr_1_137?dib=eyJ2IjoiMSJ9.Pe1YcHSH01lh0-ocPZhZdiJp0EYSvHNeO0wJvebnuESMsWogp9lIn_OMcSdagsgGSeKUhK-4W8GISN0vroFGF46fHgMo2kGHgkVAExifXxilBv6nuE_WG7BRyIo5CvQCjBeDtI7gTnHgqe1YO8ZBB2EHJreM5RwAEIJMUe9HDBC9dYBba9ok8Vwio8OwQngNA6xq8uESOoc5zmk5lPPqtPqu3ybRz_24oPOZTvGyO6Rx5P1TOUNeHd0vxTIDxrdwEI5KU06Zi_DN05A3xWj57XDBC0D9SV3qhf3qMYNN_4Q.NMDCG9WwDwpRbA3skH1VI2sg2RtGeBvv2lnqb2Jj4mM&dib_tag=se&keywords=clutches&qid=1747736295&sr=8-137,https://m.media-amazon.com/images/I/31Ev+1tyywL._AC_UL320_.jpg,₹199,₹499
TOOBA,https://www.amazon.in/Tooba-Embroidered-Womens-Clutch-Purple/dp/B01KUVSTVU/ref=sr_1_138?dib=eyJ2IjoiMSJ9.Pe1YcHSH01lh0-ocPZhZdiJp0EYSvHNeO0wJvebnuESMsWogp9lIn_OMcSdagsgGSeKUhK-4W8GISN0vroFGF46fHgMo2kGHgkVAExifXxilBv6nuE_WG7BRyIo5CvQCjBeDtI7gTnHgqe1YO8ZBB2EHJreM5RwAEIJMUe9HDBC9dYBba9ok8Vwio8OwQngNA6xq8uESOoc5zmk5lPPqtPqu3ybRz_24oPOZTvGyO6Rx5P1TOUNeHd0vxTIDxrdwEI5KU06Zi_DN05A3xWj57XDBC0D9SV3qhf3qMYNN_4Q.NMDCG9WwDwpRbA3skH1VI2sg2RtGeBvv2lnqb2Jj4mM&dib_tag=se&keywords=clutches&qid=1747736295&sr=8-138,https://m.media-amazon.com/images/I/A1LxR4mZvCL._AC_UL320_.jpg,₹949,"₹4,999"
soham international,https://www.amazon.in/Soham-International-Styling-Success-Plastic/dp/B07V664NPJ/ref=sr_1_139?dib=eyJ2IjoiMSJ9.Pe1YcHSH01lh0-ocPZhZdiJp0EYSvHNeO0wJvebnuESMsWogp9lIn_OMcSdagsgGSeKUhK-4W8GISN0vroFGF46fHgMo2kGHgkVAExifXxilBv6nuE_WG7BRyIo5CvQCjBeDtI7gTnHgqe1YO8ZBB2EHJreM5RwAEIJMUe9HDBC9dYBba9ok8Vwio8OwQngNA6xq8uESOoc5zmk5lPPqtPqu3ybRz_24oPOZTvGyO6Rx5P1TOUNeHd0vxTIDxrdwEI5KU06Zi_DN05A3xWj57XDBC0D9SV3qhf3qMYNN_4Q.NMDCG9WwDwpRbA3skH1VI2sg2RtGeBvv2lnqb2Jj4mM&dib_tag=se&keywords=clutches&qid=1747736295&sr=8-139,https://m.media-amazon.com/images/I/41KlwYBzudL._AC_UL320_.jpg,₹99,₹399
GoldGiftIdeas,https://www.amazon.in/GoldGiftIdeas-Trendy-Floral-Embroidery-Clutch/dp/B08MYM4LJW/ref=sr_1_140?dib=eyJ2IjoiMSJ9.Pe1YcHSH01lh0-ocPZhZdiJp0EYSvHNeO0wJvebnuESMsWogp9lIn_OMcSdagsgGSeKUhK-4W8GISN0vroFGF46fHgMo2kGHgkVAExifXxilBv6nuE_WG7BRyIo5CvQCjBeDtI7gTnHgqe1YO8ZBB2EHJreM5RwAEIJMUe9HDBC9dYBba9ok8Vwio8OwQngNA6xq8uESOoc5zmk5lPPqtPqu3ybRz_24oPOZTvGyO6Rx5P1TOUNeHd0vxTIDxrdwEI5KU06Zi_DN05A3xWj57XDBC0D9SV3qhf3qMYNN_4Q.NMDCG9WwDwpRbA3skH1VI2sg2RtGeBvv2lnqb2Jj4mM&dib_tag=se&keywords=clutches&qid=1747736295&sr=8-140,https://m.media-amazon.com/images/I/61zWSt1MsdL._AC_UL320_.jpg,₹449,₹999
Amazon Brand - Solimo,https://www.amazon.in/Amazon-Brand-Hanging-Organizer-Compartments/dp/B0D1VFC3L4/ref=sr_1_141?dib=eyJ2IjoiMSJ9.Pe1YcHSH01lh0-ocPZhZdiJp0EYSvHNeO0wJvebnuESMsWogp9lIn_OMcSdagsgGSeKUhK-4W8GISN0vroFGF46fHgMo2kGHgkVAExifXxilBv6nuE_WG7BRyIo5CvQCjBeDtI7gTnHgqe1YO8ZBB2EHJreM5RwAEIJMUe9HDBC9dYBba9ok8Vwio8OwQngNA6xq8uESOoc5zmk5lPPqtPqu3ybRz_24oPOZTvGyO6Rx5P1TOUNeHd0vxTIDxrdwEI5KU06Zi_DN05A3xWj57XDBC0D9SV3qhf3qMYNN_4Q.NMDCG9WwDwpRbA3skH1VI2sg2RtGeBvv2lnqb2Jj4mM&dib_tag=se&keywords=clutches&qid=1747736295&sr=8-141,https://m.media-amazon.com/images/I/71Qst7hBFEL._AC_UL320_.jpg,₹259,₹499
IIK COLLECTION,https://www.amazon.in/Collection-Womens-Elegant-clutch-IIK-WC-005-BLACK/dp/B06XTQQJ5K/ref=sr_1_143?dib=eyJ2IjoiMSJ9.Pe1YcHSH01lh0-ocPZhZdiJp0EYSvHNeO0wJvebnuESMsWogp9lIn_OMcSdagsgGSeKUhK-4W8GISN0vroFGF46fHgMo2kGHgkVAExifXxilBv6nuE_WG7BRyIo5CvQCjBeDtI7gTnHgqe1YO8ZBB2EHJreM5RwAEIJMUe9HDBC9dYBba9ok8Vwio8OwQngNA6xq8uESOoc5zmk5lPPqtPqu3ybRz_24oPOZTvGyO6Rx5P1TOUNeHd0vxTIDxrdwEI5KU06Zi_DN05A3xWj57XDBC0D9SV3qhf3qMYNN_4Q.NMDCG9WwDwpRbA3skH1VI2sg2RtGeBvv2lnqb2Jj4mM&dib_tag=se&keywords=clutches&qid=1747736295&sr=8-143,https://m.media-amazon.com/images/I/81lPd0R-6cL._AC_UL320_.jpg,₹499,"₹1,499"
NANDANA COLLECTIONS,https://www.amazon.in/NANDANA-COLLECTIONS-Butterfly-clutch-butterfly/dp/B0B4S69LNJ/ref=sr_1_144?dib=eyJ2IjoiMSJ9.Pe1YcHSH01lh0-ocPZhZdiJp0EYSvHNeO0wJvebnuESMsWogp9lIn_OMcSdagsgGSeKUhK-4W8GISN0vroFGF46fHgMo2kGHgkVAExifXxilBv6nuE_WG7BRyIo5CvQCjBeDtI7gTnHgqe1YO8ZBB2EHJreM5RwAEIJMUe9HDBC9dYBba9ok8Vwio8OwQngNA6xq8uESOoc5zmk5lPPqtPqu3ybRz_24oPOZTvGyO6Rx5P1TOUNeHd0vxTIDxrdwEI5KU06Zi_DN05A3xWj57XDBC0D9SV3qhf3qMYNN_4Q.NMDCG9WwDwpRbA3skH1VI2sg2RtGeBvv2lnqb2Jj4mM&dib_tag=se&keywords=clutches&qid=1747736295&sr=8-144,https://m.media-amazon.com/images/I/413IZGImHpL._AC_UL320_.jpg,₹188,₹399
BIRDWARE,https://www.amazon.in/BIRDWARE-clutches-Material-Butterfly-butterfly/dp/B0BVYZFFR9/ref=sr_1_145?dib=eyJ2IjoiMSJ9.Pe1YcHSH01lh0-ocPZhZdiJp0EYSvHNeO0wJvebnuESMsWogp9lIn_OMcSdagsgGSeKUhK-4W8GISN0vroFGF46fHgMo2kGHgkVAExifXxilBv6nuE_WG7BRyIo5CvQCjBeDtI7gTnHgqe1YO8ZBB2EHJreM5RwAEIJMUe9HDBC9dYBba9ok8Vwio8OwQngNA6xq8uESOoc5zmk5lPPqtPqu3ybRz_24oPOZTvGyO6Rx5P1TOUNeHd0vxTIDxrdwEI5KU06Zi_DN05A3xWj57XDBC0D9SV3qhf3qMYNN_4Q.NMDCG9WwDwpRbA3skH1VI2sg2RtGeBvv2lnqb2Jj4mM&dib_tag=se&keywords=clutches&qid=1747736295&sr=8-145,https://m.media-amazon.com/images/I/71GkGPaDINL._AC_UL320_.jpg,₹312,₹799
Maitreyee Enterprise,https://www.amazon.in/Maitreyee-Enterprise-Womens-Clutch-Pink/dp/B07C91ZHD5/ref=sr_1_146?dib=eyJ2IjoiMSJ9.Pe1YcHSH01lh0-ocPZhZdiJp0EYSvHNeO0wJvebnuESMsWogp9lIn_OMcSdagsgGSeKUhK-4W8GISN0vroFGF46fHgMo2kGHgkVAExifXxilBv6nuE_WG7BRyIo5CvQCjBeDtI7gTnHgqe1YO8ZBB2EHJreM5RwAEIJMUe9HDBC9dYBba9ok8Vwio8OwQngNA6xq8uESOoc5zmk5lPPqtPqu3ybRz_24oPOZTvGyO6Rx5P1TOUNeHd0vxTIDxrdwEI5KU06Zi_DN05A3xWj57XDBC0D9SV3qhf3qMYNN_4Q.NMDCG9WwDwpRbA3skH1VI2sg2RtGeBvv2lnqb2Jj4mM&dib_tag=se&keywords=clutches&qid=1747736295&sr=8-146,https://m.media-amazon.com/images/I/911mwsqymcL._AC_UL320_.jpg,₹399,₹450
TOOBA,https://www.amazon.in/TOOBA-black-crystal-oval-Crystal/dp/B01KUVSOXI/ref=sr_1_147?dib=eyJ2IjoiMSJ9.Pe1YcHSH01lh0-ocPZhZdiJp0EYSvHNeO0wJvebnuESMsWogp9lIn_OMcSdagsgGSeKUhK-4W8GISN0vroFGF46fHgMo2kGHgkVAExifXxilBv6nuE_WG7BRyIo5CvQCjBeDtI7gTnHgqe1YO8ZBB2EHJreM5RwAEIJMUe9HDBC9dYBba9ok8Vwio8OwQngNA6xq8uESOoc5zmk5lPPqtPqu3ybRz_24oPOZTvGyO6Rx5P1TOUNeHd0vxTIDxrdwEI5KU06Zi_DN05A3xWj57XDBC0D9SV3qhf3qMYNN_4Q.NMDCG9WwDwpRbA3skH1VI2sg2RtGeBvv2lnqb2Jj4mM&dib_tag=se&keywords=clutches&qid=1747736295&sr=8-147,https://m.media-amazon.com/images/I/91hynX0PSoL._AC_UL320_.jpg,₹836,"₹4,999"
BHARATGAURAV - Hair Accessories,https://www.amazon.in/BHARATGAURAV-Black-Clips-Hair-pack/dp/B08FJBW434/ref=sr_1_148?dib=eyJ2IjoiMSJ9.Pe1YcHSH01lh0-ocPZhZdiJp0EYSvHNeO0wJvebnuESMsWogp9lIn_OMcSdagsgGSeKUhK-4W8GISN0vroFGF46fHgMo2kGHgkVAExifXxilBv6nuE_WG7BRyIo5CvQCjBeDtI7gTnHgqe1YO8ZBB2EHJreM5RwAEIJMUe9HDBC9dYBba9ok8Vwio8OwQngNA6xq8uESOoc5zmk5lPPqtPqu3ybRz_24oPOZTvGyO6Rx5P1TOUNeHd0vxTIDxrdwEI5KU06Zi_DN05A3xWj57XDBC0D9SV3qhf3qMYNN_4Q.NMDCG9WwDwpRbA3skH1VI2sg2RtGeBvv2lnqb2Jj4mM&dib_tag=se&keywords=clutches&qid=1747736295&sr=8-148,https://m.media-amazon.com/images/I/41QUDaQVDsL._AC_UL320_.jpg,₹199,₹399
IIK COLLECTION,https://www.amazon.in/Collection-Womens-Elegant-clutch-IIK-WC-008-RED/dp/B06XTC3344/ref=sr_1_149?dib=eyJ2IjoiMSJ9.Pe1YcHSH01lh0-ocPZhZdiJp0EYSvHNeO0wJvebnuESMsWogp9lIn_OMcSdagsgGSeKUhK-4W8GISN0vroFGF46fHgMo2kGHgkVAExifXxilBv6nuE_WG7BRyIo5CvQCjBeDtI7gTnHgqe1YO8ZBB2EHJreM5RwAEIJMUe9HDBC9dYBba9ok8Vwio8OwQngNA6xq8uESOoc5zmk5lPPqtPqu3ybRz_24oPOZTvGyO6Rx5P1TOUNeHd0vxTIDxrdwEI5KU06Zi_DN05A3xWj57XDBC0D9SV3qhf3qMYNN_4Q.NMDCG9WwDwpRbA3skH1VI2sg2RtGeBvv2lnqb2Jj4mM&dib_tag=se&keywords=clutches&qid=1747736295&sr=8-149,https://m.media-amazon.com/images/I/91hDKKTiypL._AC_UL320_.jpg,₹499,"₹1,499"
Styling success,https://www.amazon.in/Styling-success-Plastic-Clutch-Pieces/dp/B07S89FRF4/ref=sr_1_150?dib=eyJ2IjoiMSJ9.Pe1YcHSH01lh0-ocPZhZdiJp0EYSvHNeO0wJvebnuESMsWogp9lIn_OMcSdagsgGSeKUhK-4W8GISN0vroFGF46fHgMo2kGHgkVAExifXxilBv6nuE_WG7BRyIo5CvQCjBeDtI7gTnHgqe1YO8ZBB2EHJreM5RwAEIJMUe9HDBC9dYBba9ok8Vwio8OwQngNA6xq8uESOoc5zmk5lPPqtPqu3ybRz_24oPOZTvGyO6Rx5P1TOUNeHd0vxTIDxrdwEI5KU06Zi_DN05A3xWj57XDBC0D9SV3qhf3qMYNN_4Q.NMDCG9WwDwpRbA3skH1VI2sg2RtGeBvv2lnqb2Jj4mM&dib_tag=se&keywords=clutches&qid=1747736295&sr=8-150,https://m.media-amazon.com/images/I/312whUCaP9L._AC_UL320_.jpg,₹120,₹499
Aquatan,https://www.amazon.in/Aquatan-Beaded-handbag-Clutch-Parties/dp/B0CFXMP613/ref=sr_1_152?dib=eyJ2IjoiMSJ9.Pe1YcHSH01lh0-ocPZhZdiJp0EYSvHNeO0wJvebnuESMsWogp9lIn_OMcSdagsgGSeKUhK-4W8GISN0vroFGF46fHgMo2kGHgkVAExifXxilBv6nuE_WG7BRyIo5CvQCjBeDtI7gTnHgqe1YO8ZBB2EHJreM5RwAEIJMUe9HDBC9dYBba9ok8Vwio8OwQngNA6xq8uESOoc5zmk5lPPqtPqu3ybRz_24oPOZTvGyO6Rx5P1TOUNeHd0vxTIDxrdwEI5KU06Zi_DN05A3xWj57XDBC0D9SV3qhf3qMYNN_4Q.NMDCG9WwDwpRbA3skH1VI2sg2RtGeBvv2lnqb2Jj4mM&dib_tag=se&keywords=clutches&qid=1747736295&sr=8-152,https://m.media-amazon.com/images/I/71E+-FsCaVL._AC_UL320_.jpg,₹904,"₹1,599"
PEORA,https://www.amazon.in/sspa/click?ie=UTF8&spc=MTo0NDk0ODQxNjY4NjAzMTY4OjE3NDc3MzYyOTU6c3BfYnRmOjMwMDE1NzI5NTUwOTEzMjo6MDo6&url=%2FPeora-Handmade-Evening-Handbag-Stylish%2Fdp%2FB0BSV7C47H%2Fref%3Dsr_1_153_sspa%3Fdib%3DeyJ2IjoiMSJ9.Pe1YcHSH01lh0-ocPZhZdiJp0EYSvHNeO0wJvebnuESMsWogp9lIn_OMcSdagsgGSeKUhK-4W8GISN0vroFGF46fHgMo2kGHgkVAExifXxilBv6nuE_WG7BRyIo5CvQCjBeDtI7gTnHgqe1YO8ZBB2EHJreM5RwAEIJMUe9HDBC9dYBba9ok8Vwio8OwQngNA6xq8uESOoc5zmk5lPPqtPqu3ybRz_24oPOZTvGyO6Rx5P1TOUNeHd0vxTIDxrdwEI5KU06Zi_DN05A3xWj57XDBC0D9SV3qhf3qMYNN_4Q.NMDCG9WwDwpRbA3skH1VI2sg2RtGeBvv2lnqb2Jj4mM%26dib_tag%3Dse%26keywords%3Dclutches%26qid%3D1747736295%26sr%3D8-153-spons%26sp_csd%3Dd2lkZ2V0TmFtZT1zcF9idGY%26psc%3D1,https://m.media-amazon.com/images/I/61c3WZRX9UL._AC_UL320_.jpg,"₹1,849","₹8,495"
PEORA,https://www.amazon.in/sspa/click?ie=UTF8&spc=MTo0NDk0ODQxNjY4NjAzMTY4OjE3NDc3MzYyOTU6c3BfYnRmOjMwMDE1NzI5NTUxMjIzMjo6MDo6&url=%2FPeora-Wedding-Handmade-Handbags-C12CRM%2Fdp%2FB09M8DY52P%2Fref%3Dsr_1_154_sspa%3Fdib%3DeyJ2IjoiMSJ9.Pe1YcHSH01lh0-ocPZhZdiJp0EYSvHNeO0wJvebnuESMsWogp9lIn_OMcSdagsgGSeKUhK-4W8GISN0vroFGF46fHgMo2kGHgkVAExifXxilBv6nuE_WG7BRyIo5CvQCjBeDtI7gTnHgqe1YO8ZBB2EHJreM5RwAEIJMUe9HDBC9dYBba9ok8Vwio8OwQngNA6xq8uESOoc5zmk5lPPqtPqu3ybRz_24oPOZTvGyO6Rx5P1TOUNeHd0vxTIDxrdwEI5KU06Zi_DN05A3xWj57XDBC0D9SV3qhf3qMYNN_4Q.NMDCG9WwDwpRbA3skH1VI2sg2RtGeBvv2lnqb2Jj4mM%26dib_tag%3Dse%26keywords%3Dclutches%26qid%3D1747736295%26sr%3D8-154-spons%26sp_csd%3Dd2lkZ2V0TmFtZT1zcF9idGY%26psc%3D1,https://m.media-amazon.com/images/I/81Zoebg2LgL._AC_UL320_.jpg,"₹1,785","₹2,998"
PEORA,https://www.amazon.in/sspa/click?ie=UTF8&spc=MTo0NDk0ODQxNjY4NjAzMTY4OjE3NDc3MzYyOTU6c3BfYnRmOjMwMDE1NzMxOTA5ODYzMjo6MDo6&url=%2FPeora-Wedding-Handmade-Handbags-C89C%2Fdp%2FB09XXQFGR4%2Fref%3Dsr_1_155_sspa%3Fdib%3DeyJ2IjoiMSJ9.Pe1YcHSH01lh0-ocPZhZdiJp0EYSvHNeO0wJvebnuESMsWogp9lIn_OMcSdagsgGSeKUhK-4W8GISN0vroFGF46fHgMo2kGHgkVAExifXxilBv6nuE_WG7BRyIo5CvQCjBeDtI7gTnHgqe1YO8ZBB2EHJreM5RwAEIJMUe9HDBC9dYBba9ok8Vwio8OwQngNA6xq8uESOoc5zmk5lPPqtPqu3ybRz_24oPOZTvGyO6Rx5P1TOUNeHd0vxTIDxrdwEI5KU06Zi_DN05A3xWj57XDBC0D9SV3qhf3qMYNN_4Q.NMDCG9WwDwpRbA3skH1VI2sg2RtGeBvv2lnqb2Jj4mM%26dib_tag%3Dse%26keywords%3Dclutches%26qid%3D1747736295%26sr%3D8-155-spons%26sp_csd%3Dd2lkZ2V0TmFtZT1zcF9idGY%26psc%3D1,https://m.media-amazon.com/images/I/81x+CdhTbrL._AC_UL320_.jpg,"₹1,499","₹5,995"
New Style Handicraft,https://www.amazon.in/sspa/click?ie=UTF8&spc=MTo0NDk0ODQxNjY4NjAzMTY4OjE3NDc3MzYyOTU6c3BfYnRmOjMwMDIyOTU1NDU3NzAzMjo6MDo6&url=%2FNew-Style-Handicraft-Acrylic-Removable%2Fdp%2FB0CM9LXQGT%2Fref%3Dsr_1_156_sspa%3Fdib%3DeyJ2IjoiMSJ9.Pe1YcHSH01lh0-ocPZhZdiJp0EYSvHNeO0wJvebnuESMsWogp9lIn_OMcSdagsgGSeKUhK-4W8GISN0vroFGF46fHgMo2kGHgkVAExifXxilBv6nuE_WG7BRyIo5CvQCjBeDtI7gTnHgqe1YO8ZBB2EHJreM5RwAEIJMUe9HDBC9dYBba9ok8Vwio8OwQngNA6xq8uESOoc5zmk5lPPqtPqu3ybRz_24oPOZTvGyO6Rx5P1TOUNeHd0vxTIDxrdwEI5KU06Zi_DN05A3xWj57XDBC0D9SV3qhf3qMYNN_4Q.NMDCG9WwDwpRbA3skH1VI2sg2RtGeBvv2lnqb2Jj4mM%26dib_tag%3Dse%26keywords%3Dclutches%26qid%3D1747736295%26sr%3D8-156-spons%26sp_csd%3Dd2lkZ2V0TmFtZT1zcF9idGY%26psc%3D1,https://m.media-amazon.com/images/I/612-deMv+qL._AC_UL320_.jpg,"₹1,093","₹1,299"
PEORA,https://www.amazon.in/sspa/click?ie=UTF8&spc=MTo3OTAzMjMxOTg3MTc4MjM1OjE3NDc3MzYzMDA6c3BfYXRmX25leHQ6MzAwMTkzOTcyMTMwMDMyOjowOjo&url=%2FPeora-Wedding-Handmade-Handbags-C01BL%2Fdp%2FB09H2R5KJG%2Fref%3Dsr_1_145_sspa%3Fdib%3DeyJ2IjoiMSJ9.BKD228c7LrqrrgCDQaiXpHoPln6kPibfx2KMrRVY-Sz4Nt1yzTAkdY8HA7Qp3N4eYlcKYQ0e3aVwgTyKwqLQju_sPMJchxj6rNHX0Joo7SRCoFgo61EtCWbNQ7_Jg9XMuCZXqTv9yvFxc6yJC90hza3iGSJCTCQhBum6pQWFmFUvOk0AagPyk77-HERc1MlL1ET8KEGYwxuLBsg01sID-Ft_3NgCjMAh5QYQ3E4yhyCe5uoeCWie-6Q6vz9IbzH17t-8RSTh_7pKEd_bUBdLkOBbrHbNVcZs-GAg_FurQnA.E_3GfAVPEfinF5Y4IDrjXo0gKTBg5T7QjjXRkLLLAww%26dib_tag%3Dse%26keywords%3Dclutches%26qid%3D1747736300%26sr%3D8-145-spons%26sp_csd%3Dd2lkZ2V0TmFtZT1zcF9hdGZfbmV4dA%26psc%3D1,https://m.media-amazon.com/images/I/71ZK-LoMtUL._AC_UL320_.jpg,"₹1,595","₹6,245"
New Style Handicraft,https://www.amazon.in/sspa/click?ie=UTF8&spc=MTo3OTAzMjMxOTg3MTc4MjM1OjE3NDc3MzYzMDA6c3BfYXRmX25leHQ6MzAwNTY2MjcyODc4MTMyOjowOjo&url=%2FNew-Style-Handicraft-Celebrities-White%2Fdp%2FB0CG6DRBHP%2Fref%3Dsr_1_146_sspa%3Fdib%3DeyJ2IjoiMSJ9.BKD228c7LrqrrgCDQaiXpHoPln6kPibfx2KMrRVY-Sz4Nt1yzTAkdY8HA7Qp3N4eYlcKYQ0e3aVwgTyKwqLQju_sPMJchxj6rNHX0Joo7SRCoFgo61EtCWbNQ7_Jg9XMuCZXqTv9yvFxc6yJC90hza3iGSJCTCQhBum6pQWFmFUvOk0AagPyk77-HERc1MlL1ET8KEGYwxuLBsg01sID-Ft_3NgCjMAh5QYQ3E4yhyCe5uoeCWie-6Q6vz9IbzH17t-8RSTh_7pKEd_bUBdLkOBbrHbNVcZs-GAg_FurQnA.E_3GfAVPEfinF5Y4IDrjXo0gKTBg5T7QjjXRkLLLAww%26dib_tag%3Dse%26keywords%3Dclutches%26qid%3D1747736300%26sr%3D8-146-spons%26sp_csd%3Dd2lkZ2V0TmFtZT1zcF9hdGZfbmV4dA%26psc%3D1,https://m.media-amazon.com/images/I/51oDNaYCN8L._AC_UL320_.jpg,₹997,"₹2,999"
Fastrack,https://www.amazon.in/sspa/click?ie=UTF8&spc=MTo3OTAzMjMxOTg3MTc4MjM1OjE3NDc3MzYzMDA6c3BfYXRmX25leHQ6MzAwNTI1MDYwMjE5OTMyOjowOjo&url=%2FFastrack-Grey-Clutch-for-Women%2Fdp%2FB0C89VCC8Y%2Fref%3Dsr_1_147_sspa%3Fdib%3DeyJ2IjoiMSJ9.BKD228c7LrqrrgCDQaiXpHoPln6kPibfx2KMrRVY-Sz4Nt1yzTAkdY8HA7Qp3N4eYlcKYQ0e3aVwgTyKwqLQju_sPMJchxj6rNHX0Joo7SRCoFgo61EtCWbNQ7_Jg9XMuCZXqTv9yvFxc6yJC90hza3iGSJCTCQhBum6pQWFmFUvOk0AagPyk77-HERc1MlL1ET8KEGYwxuLBsg01sID-Ft_3NgCjMAh5QYQ3E4yhyCe5uoeCWie-6Q6vz9IbzH17t-8RSTh_7pKEd_bUBdLkOBbrHbNVcZs-GAg_FurQnA.E_3GfAVPEfinF5Y4IDrjXo0gKTBg5T7QjjXRkLLLAww%26dib_tag%3Dse%26keywords%3Dclutches%26qid%3D1747736300%26sr%3D8-147-spons%26sp_csd%3Dd2lkZ2V0TmFtZT1zcF9hdGZfbmV4dA%26psc%3D1,https://m.media-amazon.com/images/I/717Zadd3uDL._AC_UL320_.jpg,₹804,"₹1,149"
PEORA,https://www.amazon.in/sspa/click?ie=UTF8&spc=MTo3OTAzMjMxOTg3MTc4MjM1OjE3NDc3MzYzMDA6c3BfYXRmX25leHQ6MzAwMTU3MjY3Njk2MDMyOjowOjo&url=%2FPeora-Wedding-Handmade-Handbags-C37G%2Fdp%2FB09XXP1Q59%2Fref%3Dsr_1_148_sspa%3Fdib%3DeyJ2IjoiMSJ9.BKD228c7LrqrrgCDQaiXpHoPln6kPibfx2KMrRVY-Sz4Nt1yzTAkdY8HA7Qp3N4eYlcKYQ0e3aVwgTyKwqLQju_sPMJchxj6rNHX0Joo7SRCoFgo61EtCWbNQ7_Jg9XMuCZXqTv9yvFxc6yJC90hza3iGSJCTCQhBum6pQWFmFUvOk0AagPyk77-HERc1MlL1ET8KEGYwxuLBsg01sID-Ft_3NgCjMAh5QYQ3E4yhyCe5uoeCWie-6Q6vz9IbzH17t-8RSTh_7pKEd_bUBdLkOBbrHbNVcZs-GAg_FurQnA.E_3GfAVPEfinF5Y4IDrjXo0gKTBg5T7QjjXRkLLLAww%26dib_tag%3Dse%26keywords%3Dclutches%26qid%3D1747736300%26sr%3D8-148-spons%26sp_csd%3Dd2lkZ2V0TmFtZT1zcF9hdGZfbmV4dA%26psc%3D1,https://m.media-amazon.com/images/I/81LDPdaw1AL._AC_UL320_.jpg,"₹1,785","₹7,745"
Dress To Match,https://www.amazon.in/Dress-Match-Charming-Fabric-Stylish/dp/B0CRV7SDN7/ref=sr_1_149?dib=eyJ2IjoiMSJ9.BKD228c7LrqrrgCDQaiXpHoPln6kPibfx2KMrRVY-Sz4Nt1yzTAkdY8HA7Qp3N4eYlcKYQ0e3aVwgTyKwqLQju_sPMJchxj6rNHX0Joo7SRCoFgo61EtCWbNQ7_Jg9XMuCZXqTv9yvFxc6yJC90hza3iGSJCTCQhBum6pQWFmFUvOk0AagPyk77-HERc1MlL1ET8KEGYwxuLBsg01sID-Ft_3NgCjMAh5QYQ3E4yhyCe5uoeCWie-6Q6vz9IbzH17t-8RSTh_7pKEd_bUBdLkOBbrHbNVcZs-GAg_FurQnA.E_3GfAVPEfinF5Y4IDrjXo0gKTBg5T7QjjXRkLLLAww&dib_tag=se&keywords=clutches&qid=1747736300&sr=8-149,https://m.media-amazon.com/images/I/41MqPfH70YL._AC_UL320_.jpg,₹204,₹408
Caprese,https://www.amazon.in/Caprese-Shally-Womens-Satchel-Orange/dp/B07CB1XTB9/ref=sr_1_150?dib=eyJ2IjoiMSJ9.BKD228c7LrqrrgCDQaiXpHoPln6kPibfx2KMrRVY-Sz4Nt1yzTAkdY8HA7Qp3N4eYlcKYQ0e3aVwgTyKwqLQju_sPMJchxj6rNHX0Joo7SRCoFgo61EtCWbNQ7_Jg9XMuCZXqTv9yvFxc6yJC90hza3iGSJCTCQhBum6pQWFmFUvOk0AagPyk77-HERc1MlL1ET8KEGYwxuLBsg01sID-Ft_3NgCjMAh5QYQ3E4yhyCe5uoeCWie-6Q6vz9IbzH17t-8RSTh_7pKEd_bUBdLkOBbrHbNVcZs-GAg_FurQnA.E_3GfAVPEfinF5Y4IDrjXo0gKTBg5T7QjjXRkLLLAww&dib_tag=se&keywords=clutches&qid=1747736300&sr=8-150,https://m.media-amazon.com/images/I/915t95uiaML._AC_UL320_.jpg,"₹1,059","₹4,399"
Styling success,https://www.amazon.in/Styling-success-Plastic-Clutch-Pieces/dp/B07S9BGTHJ/ref=sr_1_151?dib=eyJ2IjoiMSJ9.BKD228c7LrqrrgCDQaiXpHoPln6kPibfx2KMrRVY-Sz4Nt1yzTAkdY8HA7Qp3N4eYlcKYQ0e3aVwgTyKwqLQju_sPMJchxj6rNHX0Joo7SRCoFgo61EtCWbNQ7_Jg9XMuCZXqTv9yvFxc6yJC90hza3iGSJCTCQhBum6pQWFmFUvOk0AagPyk77-HERc1MlL1ET8KEGYwxuLBsg01sID-Ft_3NgCjMAh5QYQ3E4yhyCe5uoeCWie-6Q6vz9IbzH17t-8RSTh_7pKEd_bUBdLkOBbrHbNVcZs-GAg_FurQnA.E_3GfAVPEfinF5Y4IDrjXo0gKTBg5T7QjjXRkLLLAww&dib_tag=se&keywords=clutches&qid=1747736300&sr=8-151,https://m.media-amazon.com/images/I/31QP73r4w9L._AC_UL320_.jpg,₹169,₹399
I Jewels,https://www.amazon.in/Jewels-Metal-Colour-Clutch-A99CLP10CO/dp/B08FT87X1K/ref=sr_1_152?dib=eyJ2IjoiMSJ9.BKD228c7LrqrrgCDQaiXpHoPln6kPibfx2KMrRVY-Sz4Nt1yzTAkdY8HA7Qp3N4eYlcKYQ0e3aVwgTyKwqLQju_sPMJchxj6rNHX0Joo7SRCoFgo61EtCWbNQ7_Jg9XMuCZXqTv9yvFxc6yJC90hza3iGSJCTCQhBum6pQWFmFUvOk0AagPyk77-HERc1MlL1ET8KEGYwxuLBsg01sID-Ft_3NgCjMAh5QYQ3E4yhyCe5uoeCWie-6Q6vz9IbzH17t-8RSTh_7pKEd_bUBdLkOBbrHbNVcZs-GAg_FurQnA.E_3GfAVPEfinF5Y4IDrjXo0gKTBg5T7QjjXRkLLLAww&dib_tag=se&keywords=clutches&qid=1747736300&sr=8-152,https://m.media-amazon.com/images/I/71P0i2Z+vEL._AC_UL320_.jpg,₹272,₹599
BHARATGAURAV - Hair Accessories,https://www.amazon.in/BHARATGAURAV-accessories-clutches-banana-stylish/dp/B09C4YBRRL/ref=sr_1_153?dib=eyJ2IjoiMSJ9.BKD228c7LrqrrgCDQaiXpHoPln6kPibfx2KMrRVY-Sz4Nt1yzTAkdY8HA7Qp3N4eYlcKYQ0e3aVwgTyKwqLQju_sPMJchxj6rNHX0Joo7SRCoFgo61EtCWbNQ7_Jg9XMuCZXqTv9yvFxc6yJC90hza3iGSJCTCQhBum6pQWFmFUvOk0AagPyk77-HERc1MlL1ET8KEGYwxuLBsg01sID-Ft_3NgCjMAh5QYQ3E4yhyCe5uoeCWie-6Q6vz9IbzH17t-8RSTh_7pKEd_bUBdLkOBbrHbNVcZs-GAg_FurQnA.E_3GfAVPEfinF5Y4IDrjXo0gKTBg5T7QjjXRkLLLAww&dib_tag=se&keywords=clutches&qid=1747736300&sr=8-153,https://m.media-amazon.com/images/I/41c0dI6H-jL._AC_UL320_.jpg,₹199,₹399
Aquatan,https://www.amazon.in/Aquatan-Beaded-handbag-Clutch-Parties/dp/B0CFVTS3WC/ref=sr_1_154?dib=eyJ2IjoiMSJ9.BKD228c7LrqrrgCDQaiXpHoPln6kPibfx2KMrRVY-Sz4Nt1yzTAkdY8HA7Qp3N4eYlcKYQ0e3aVwgTyKwqLQju_sPMJchxj6rNHX0Joo7SRCoFgo61EtCWbNQ7_Jg9XMuCZXqTv9yvFxc6yJC90hza3iGSJCTCQhBum6pQWFmFUvOk0AagPyk77-HERc1MlL1ET8KEGYwxuLBsg01sID-Ft_3NgCjMAh5QYQ3E4yhyCe5uoeCWie-6Q6vz9IbzH17t-8RSTh_7pKEd_bUBdLkOBbrHbNVcZs-GAg_FurQnA.E_3GfAVPEfinF5Y4IDrjXo0gKTBg5T7QjjXRkLLLAww&dib_tag=se&keywords=clutches&qid=1747736300&sr=8-154,https://m.media-amazon.com/images/I/71WaTLQLtdL._AC_UL320_.jpg,₹904,"₹1,599"
PEORA,https://www.amazon.in/Peora-Necklace-Traditional-Handmade-Handbags/dp/B0CVRX771F/ref=sr_1_155?dib=eyJ2IjoiMSJ9.BKD228c7LrqrrgCDQaiXpHoPln6kPibfx2KMrRVY-Sz4Nt1yzTAkdY8HA7Qp3N4eYlcKYQ0e3aVwgTyKwqLQju_sPMJchxj6rNHX0Joo7SRCoFgo61EtCWbNQ7_Jg9XMuCZXqTv9yvFxc6yJC90hza3iGSJCTCQhBum6pQWFmFUvOk0AagPyk77-HERc1MlL1ET8KEGYwxuLBsg01sID-Ft_3NgCjMAh5QYQ3E4yhyCe5uoeCWie-6Q6vz9IbzH17t-8RSTh_7pKEd_bUBdLkOBbrHbNVcZs-GAg_FurQnA.E_3GfAVPEfinF5Y4IDrjXo0gKTBg5T7QjjXRkLLLAww&dib_tag=se&keywords=clutches&qid=1747736300&sr=8-155,https://m.media-amazon.com/images/I/71frdfm99IL._AC_UL320_.jpg,"₹1,699","₹9,371"
GoldGiftIdeas,https://www.amazon.in/GoldGiftIdeas-Trendy-Clutch-Flower-Wedding/dp/B084YXSXF2/ref=sr_1_156?dib=eyJ2IjoiMSJ9.BKD228c7LrqrrgCDQaiXpHoPln6kPibfx2KMrRVY-Sz4Nt1yzTAkdY8HA7Qp3N4eYlcKYQ0e3aVwgTyKwqLQju_sPMJchxj6rNHX0Joo7SRCoFgo61EtCWbNQ7_Jg9XMuCZXqTv9yvFxc6yJC90hza3iGSJCTCQhBum6pQWFmFUvOk0AagPyk77-HERc1MlL1ET8KEGYwxuLBsg01sID-Ft_3NgCjMAh5QYQ3E4yhyCe5uoeCWie-6Q6vz9IbzH17t-8RSTh_7pKEd_bUBdLkOBbrHbNVcZs-GAg_FurQnA.E_3GfAVPEfinF5Y4IDrjXo0gKTBg5T7QjjXRkLLLAww&dib_tag=se&keywords=clutches&qid=1747736300&sr=8-156,https://m.media-amazon.com/images/I/61iqXnbe5ML._AC_UL320_.jpg,"₹1,669","₹2,199"
GoldGiftIdeas,https://www.amazon.in/GoldGiftIdes-Floral-Embellished-Pouches-Gifting/dp/B09BNRPMML/ref=sr_1_157?dib=eyJ2IjoiMSJ9.BKD228c7LrqrrgCDQaiXpHoPln6kPibfx2KMrRVY-Sz4Nt1yzTAkdY8HA7Qp3N4eYlcKYQ0e3aVwgTyKwqLQju_sPMJchxj6rNHX0Joo7SRCoFgo61EtCWbNQ7_Jg9XMuCZXqTv9yvFxc6yJC90hza3iGSJCTCQhBum6pQWFmFUvOk0AagPyk77-HERc1MlL1ET8KEGYwxuLBsg01sID-Ft_3NgCjMAh5QYQ3E4yhyCe5uoeCWie-6Q6vz9IbzH17t-8RSTh_7pKEd_bUBdLkOBbrHbNVcZs-GAg_FurQnA.E_3GfAVPEfinF5Y4IDrjXo0gKTBg5T7QjjXRkLLLAww&dib_tag=se&keywords=clutches&qid=1747736300&sr=8-157,https://m.media-amazon.com/images/I/71MvkECgbTL._AC_UL320_.jpg,₹979,"₹1,399"
Fiesto Fashion,https://www.amazon.in/FIESTO-FASHION-Leather-Fashion-Handbag/dp/B09H4WZ2L8/ref=sr_1_158?dib=eyJ2IjoiMSJ9.BKD228c7LrqrrgCDQaiXpHoPln6kPibfx2KMrRVY-Sz4Nt1yzTAkdY8HA7Qp3N4eYlcKYQ0e3aVwgTyKwqLQju_sPMJchxj6rNHX0Joo7SRCoFgo61EtCWbNQ7_Jg9XMuCZXqTv9yvFxc6yJC90hza3iGSJCTCQhBum6pQWFmFUvOk0AagPyk77-HERc1MlL1ET8KEGYwxuLBsg01sID-Ft_3NgCjMAh5QYQ3E4yhyCe5uoeCWie-6Q6vz9IbzH17t-8RSTh_7pKEd_bUBdLkOBbrHbNVcZs-GAg_FurQnA.E_3GfAVPEfinF5Y4IDrjXo0gKTBg5T7QjjXRkLLLAww&dib_tag=se&keywords=clutches&qid=1747736300&sr=8-158,https://m.media-amazon.com/images/I/A1hw0zR5Y-L._AC_UL320_.jpg,"₹1,249","₹1,299"
Belladona,https://www.amazon.in/Belladona-Womens-Hand-Held-Poh_8/dp/B078LGD4WS/ref=sr_1_159?dib=eyJ2IjoiMSJ9.BKD228c7LrqrrgCDQaiXpHoPln6kPibfx2KMrRVY-Sz4Nt1yzTAkdY8HA7Qp3N4eYlcKYQ0e3aVwgTyKwqLQju_sPMJchxj6rNHX0Joo7SRCoFgo61EtCWbNQ7_Jg9XMuCZXqTv9yvFxc6yJC90hza3iGSJCTCQhBum6pQWFmFUvOk0AagPyk77-HERc1MlL1ET8KEGYwxuLBsg01sID-Ft_3NgCjMAh5QYQ3E4yhyCe5uoeCWie-6Q6vz9IbzH17t-8RSTh_7pKEd_bUBdLkOBbrHbNVcZs-GAg_FurQnA.E_3GfAVPEfinF5Y4IDrjXo0gKTBg5T7QjjXRkLLLAww&dib_tag=se&keywords=clutches&qid=1747736300&sr=8-159,https://m.media-amazon.com/images/I/71M9-eWIZ7L._AC_UL320_.jpg,₹339,₹899
TOOBA,https://www.amazon.in/TOOBA-Handicraft-Embroidered-6x4-Wedding/dp/B073WCRPPN/ref=sr_1_160?dib=eyJ2IjoiMSJ9.BKD228c7LrqrrgCDQaiXpHoPln6kPibfx2KMrRVY-Sz4Nt1yzTAkdY8HA7Qp3N4eYlcKYQ0e3aVwgTyKwqLQju_sPMJchxj6rNHX0Joo7SRCoFgo61EtCWbNQ7_Jg9XMuCZXqTv9yvFxc6yJC90hza3iGSJCTCQhBum6pQWFmFUvOk0AagPyk77-HERc1MlL1ET8KEGYwxuLBsg01sID-Ft_3NgCjMAh5QYQ3E4yhyCe5uoeCWie-6Q6vz9IbzH17t-8RSTh_7pKEd_bUBdLkOBbrHbNVcZs-GAg_FurQnA.E_3GfAVPEfinF5Y4IDrjXo0gKTBg5T7QjjXRkLLLAww&dib_tag=se&keywords=clutches&qid=1747736300&sr=8-160,https://m.media-amazon.com/images/I/A1lMluvDRWL._AC_UL320_.jpg,₹894,"₹3,498"
Generic,https://www.amazon.in/Generic-Hair-Clip-Transparent-Multicolor/dp/B0DYJZX29C/ref=sr_1_161?dib=eyJ2IjoiMSJ9.BKD228c7LrqrrgCDQaiXpHoPln6kPibfx2KMrRVY-Sz4Nt1yzTAkdY8HA7Qp3N4eYlcKYQ0e3aVwgTyKwqLQju_sPMJchxj6rNHX0Joo7SRCoFgo61EtCWbNQ7_Jg9XMuCZXqTv9yvFxc6yJC90hza3iGSJCTCQhBum6pQWFmFUvOk0AagPyk77-HERc1MlL1ET8KEGYwxuLBsg01sID-Ft_3NgCjMAh5QYQ3E4yhyCe5uoeCWie-6Q6vz9IbzH17t-8RSTh_7pKEd_bUBdLkOBbrHbNVcZs-GAg_FurQnA.E_3GfAVPEfinF5Y4IDrjXo0gKTBg5T7QjjXRkLLLAww&dib_tag=se&keywords=clutches&qid=1747736300&sr=8-161,https://m.media-amazon.com/images/I/61a2PuealiL._AC_UL320_.jpg,₹179,₹599
DEEPTI CHANDNA DESIGNS,https://www.amazon.in/HairBand-Stylish-Clutch-Accessories-Hairclip/dp/B0D5HS9T6J/ref=sr_1_162?dib=eyJ2IjoiMSJ9.BKD228c7LrqrrgCDQaiXpHoPln6kPibfx2KMrRVY-Sz4Nt1yzTAkdY8HA7Qp3N4eYlcKYQ0e3aVwgTyKwqLQju_sPMJchxj6rNHX0Joo7SRCoFgo61EtCWbNQ7_Jg9XMuCZXqTv9yvFxc6yJC90hza3iGSJCTCQhBum6pQWFmFUvOk0AagPyk77-HERc1MlL1ET8KEGYwxuLBsg01sID-Ft_3NgCjMAh5QYQ3E4yhyCe5uoeCWie-6Q6vz9IbzH17t-8RSTh_7pKEd_bUBdLkOBbrHbNVcZs-GAg_FurQnA.E_3GfAVPEfinF5Y4IDrjXo0gKTBg5T7QjjXRkLLLAww&dib_tag=se&keywords=clutches&qid=1747736300&sr=8-162,https://m.media-amazon.com/images/I/315Iip0icHL._AC_UL320_.jpg,₹399,₹999
YouBella,https://www.amazon.in/YouBella-Jewellery-Organiser-Cosmetics-Storage/dp/B0C7LJJV9B/ref=sr_1_163?dib=eyJ2IjoiMSJ9.BKD228c7LrqrrgCDQaiXpHoPln6kPibfx2KMrRVY-Sz4Nt1yzTAkdY8HA7Qp3N4eYlcKYQ0e3aVwgTyKwqLQju_sPMJchxj6rNHX0Joo7SRCoFgo61EtCWbNQ7_Jg9XMuCZXqTv9yvFxc6yJC90hza3iGSJCTCQhBum6pQWFmFUvOk0AagPyk77-HERc1MlL1ET8KEGYwxuLBsg01sID-Ft_3NgCjMAh5QYQ3E4yhyCe5uoeCWie-6Q6vz9IbzH17t-8RSTh_7pKEd_bUBdLkOBbrHbNVcZs-GAg_FurQnA.E_3GfAVPEfinF5Y4IDrjXo0gKTBg5T7QjjXRkLLLAww&dib_tag=se&keywords=clutches&qid=1747736300&sr=8-163,https://m.media-amazon.com/images/I/81X1WCyQRXL._AC_UL320_.jpg,₹845,"₹1,999"
IIK COLLECTION,https://www.amazon.in/Collection-Womens-Elegant-Clutch-IIK-COM-004-TAN-1013W/dp/B06XBTVY3Y/ref=sr_1_164?dib=eyJ2IjoiMSJ9.BKD228c7LrqrrgCDQaiXpHoPln6kPibfx2KMrRVY-Sz4Nt1yzTAkdY8HA7Qp3N4eYlcKYQ0e3aVwgTyKwqLQju_sPMJchxj6rNHX0Joo7SRCoFgo61EtCWbNQ7_Jg9XMuCZXqTv9yvFxc6yJC90hza3iGSJCTCQhBum6pQWFmFUvOk0AagPyk77-HERc1MlL1ET8KEGYwxuLBsg01sID-Ft_3NgCjMAh5QYQ3E4yhyCe5uoeCWie-6Q6vz9IbzH17t-8RSTh_7pKEd_bUBdLkOBbrHbNVcZs-GAg_FurQnA.E_3GfAVPEfinF5Y4IDrjXo0gKTBg5T7QjjXRkLLLAww&dib_tag=se&keywords=clutches&qid=1747736300&sr=8-164,https://m.media-amazon.com/images/I/81Qhd5xO5fL._AC_UL320_.jpg,₹699,"₹2,999"
New Style Handicraft,https://www.amazon.in/sspa/click?ie=UTF8&spc=MTo3OTAzMjMxOTg3MTc4MjM1OjE3NDc3MzYzMDA6c3BfbXRmOjMwMDU2NjI3Mjg3ODIzMjo6MDo6&url=%2FNew-Style-Handicraft-Removable-Multicolor%2Fdp%2FB0CF9W4RGR%2Fref%3Dsr_1_165_sspa%3Fdib%3DeyJ2IjoiMSJ9.BKD228c7LrqrrgCDQaiXpHoPln6kPibfx2KMrRVY-Sz4Nt1yzTAkdY8HA7Qp3N4eYlcKYQ0e3aVwgTyKwqLQju_sPMJchxj6rNHX0Joo7SRCoFgo61EtCWbNQ7_Jg9XMuCZXqTv9yvFxc6yJC90hza3iGSJCTCQhBum6pQWFmFUvOk0AagPyk77-HERc1MlL1ET8KEGYwxuLBsg01sID-Ft_3NgCjMAh5QYQ3E4yhyCe5uoeCWie-6Q6vz9IbzH17t-8RSTh_7pKEd_bUBdLkOBbrHbNVcZs-GAg_FurQnA.E_3GfAVPEfinF5Y4IDrjXo0gKTBg5T7QjjXRkLLLAww%26dib_tag%3Dse%26keywords%3Dclutches%26qid%3D1747736300%26sr%3D8-165-spons%26sp_csd%3Dd2lkZ2V0TmFtZT1zcF9tdGY%26psc%3D1,https://m.media-amazon.com/images/I/51edfb4EW3L._AC_UL320_.jpg,"₹1,037.82","₹1,299"
PEORA,https://www.amazon.in/sspa/click?ie=UTF8&spc=MTo3OTAzMjMxOTg3MTc4MjM1OjE3NDc3MzYzMDA6c3BfbXRmOjMwMDE1NzMxOTA5MDkzMjo6MDo6&url=%2FPeora-Wedding-Handmade-Handbags-C61GRN%2Fdp%2FB09TPMSLYJ%2Fref%3Dsr_1_166_sspa%3Fdib%3DeyJ2IjoiMSJ9.BKD228c7LrqrrgCDQaiXpHoPln6kPibfx2KMrRVY-Sz4Nt1yzTAkdY8HA7Qp3N4eYlcKYQ0e3aVwgTyKwqLQju_sPMJchxj6rNHX0Joo7SRCoFgo61EtCWbNQ7_Jg9XMuCZXqTv9yvFxc6yJC90hza3iGSJCTCQhBum6pQWFmFUvOk0AagPyk77-HERc1MlL1ET8KEGYwxuLBsg01sID-Ft_3NgCjMAh5QYQ3E4yhyCe5uoeCWie-6Q6vz9IbzH17t-8RSTh_7pKEd_bUBdLkOBbrHbNVcZs-GAg_FurQnA.E_3GfAVPEfinF5Y4IDrjXo0gKTBg5T7QjjXRkLLLAww%26dib_tag%3Dse%26keywords%3Dclutches%26qid%3D1747736300%26sr%3D8-166-spons%26sp_csd%3Dd2lkZ2V0TmFtZT1zcF9tdGY%26psc%3D1,https://m.media-amazon.com/images/I/8174mnZmBEL._AC_UL320_.jpg,"₹1,699","₹6,995"
New Style Handicraft,https://www.amazon.in/sspa/click?ie=UTF8&spc=MTo3OTAzMjMxOTg3MTc4MjM1OjE3NDc3MzYzMDA6c3BfbXRmOjMwMDU2NjI3Mjg3NzIzMjo6MDo6&url=%2FNew-Style-Handicraft-Clutches-Celebrities%2Fdp%2FB0CG6FQKBC%2Fref%3Dsr_1_167_sspa%3Fdib%3DeyJ2IjoiMSJ9.BKD228c7LrqrrgCDQaiXpHoPln6kPibfx2KMrRVY-Sz4Nt1yzTAkdY8HA7Qp3N4eYlcKYQ0e3aVwgTyKwqLQju_sPMJchxj6rNHX0Joo7SRCoFgo61EtCWbNQ7_Jg9XMuCZXqTv9yvFxc6yJC90hza3iGSJCTCQhBum6pQWFmFUvOk0AagPyk77-HERc1MlL1ET8KEGYwxuLBsg01sID-Ft_3NgCjMAh5QYQ3E4yhyCe5uoeCWie-6Q6vz9IbzH17t-8RSTh_7pKEd_bUBdLkOBbrHbNVcZs-GAg_FurQnA.E_3GfAVPEfinF5Y4IDrjXo0gKTBg5T7QjjXRkLLLAww%26dib_tag%3Dse%26keywords%3Dclutches%26qid%3D1747736300%26sr%3D8-167-spons%26sp_csd%3Dd2lkZ2V0TmFtZT1zcF9tdGY%26psc%3D1,https://m.media-amazon.com/images/I/61+hJiySAxL._AC_UL320_.jpg,₹943,"₹1,999"
PEORA,https://www.amazon.in/sspa/click?ie=UTF8&spc=MTo3OTAzMjMxOTg3MTc4MjM1OjE3NDc3MzYzMDA6c3BfbXRmOjMwMDE1NzI5NTUwOTEzMjo6MDo6&url=%2FPeora-Handmade-Evening-Handbag-Stylish%2Fdp%2FB0BSV7C47H%2Fref%3Dsr_1_168_sspa%3Fdib%3DeyJ2IjoiMSJ9.BKD228c7LrqrrgCDQaiXpHoPln6kPibfx2KMrRVY-Sz4Nt1yzTAkdY8HA7Qp3N4eYlcKYQ0e3aVwgTyKwqLQju_sPMJchxj6rNHX0Joo7SRCoFgo61EtCWbNQ7_Jg9XMuCZXqTv9yvFxc6yJC90hza3iGSJCTCQhBum6pQWFmFUvOk0AagPyk77-HERc1MlL1ET8KEGYwxuLBsg01sID-Ft_3NgCjMAh5QYQ3E4yhyCe5uoeCWie-6Q6vz9IbzH17t-8RSTh_7pKEd_bUBdLkOBbrHbNVcZs-GAg_FurQnA.E_3GfAVPEfinF5Y4IDrjXo0gKTBg5T7QjjXRkLLLAww%26dib_tag%3Dse%26keywords%3Dclutches%26qid%3D1747736300%26sr%3D8-168-spons%26sp_csd%3Dd2lkZ2V0TmFtZT1zcF9tdGY%26psc%3D1,https://m.media-amazon.com/images/I/61c3WZRX9UL._AC_UL320_.jpg,"₹1,849","₹8,495"
Anekaant,https://www.amazon.in/Anekaant-Motley-Circular-Handcrafted-Chandbalis/dp/B0CD44WPL7/ref=sr_1_169?dib=eyJ2IjoiMSJ9.BKD228c7LrqrrgCDQaiXpHoPln6kPibfx2KMrRVY-Sz4Nt1yzTAkdY8HA7Qp3N4eYlcKYQ0e3aVwgTyKwqLQju_sPMJchxj6rNHX0Joo7SRCoFgo61EtCWbNQ7_Jg9XMuCZXqTv9yvFxc6yJC90hza3iGSJCTCQhBum6pQWFmFUvOk0AagPyk77-HERc1MlL1ET8KEGYwxuLBsg01sID-Ft_3NgCjMAh5QYQ3E4yhyCe5uoeCWie-6Q6vz9IbzH17t-8RSTh_7pKEd_bUBdLkOBbrHbNVcZs-GAg_FurQnA.E_3GfAVPEfinF5Y4IDrjXo0gKTBg5T7QjjXRkLLLAww&dib_tag=se&keywords=clutches&qid=1747736300&sr=8-169,https://m.media-amazon.com/images/I/61qekzZZYzL._AC_UL320_.jpg,₹489,₹699
Trendsetter,https://www.amazon.in/TRENDSETTER-Golden-clutcher-Clutch-Accessories/dp/B0CVW4QX13/ref=sr_1_170?dib=eyJ2IjoiMSJ9.BKD228c7LrqrrgCDQaiXpHoPln6kPibfx2KMrRVY-Sz4Nt1yzTAkdY8HA7Qp3N4eYlcKYQ0e3aVwgTyKwqLQju_sPMJchxj6rNHX0Joo7SRCoFgo61EtCWbNQ7_Jg9XMuCZXqTv9yvFxc6yJC90hza3iGSJCTCQhBum6pQWFmFUvOk0AagPyk77-HERc1MlL1ET8KEGYwxuLBsg01sID-Ft_3NgCjMAh5QYQ3E4yhyCe5uoeCWie-6Q6vz9IbzH17t-8RSTh_7pKEd_bUBdLkOBbrHbNVcZs-GAg_FurQnA.E_3GfAVPEfinF5Y4IDrjXo0gKTBg5T7QjjXRkLLLAww&dib_tag=se&keywords=clutches&qid=1747736300&sr=8-170,https://m.media-amazon.com/images/I/71mSH7OHYIL._AC_UL320_.jpg,₹420,₹799
Yellow Chimes,https://www.amazon.in/Yellow-Chimes-Accessories-Multicolor-Clutchers/dp/B0CKKX7RJM/ref=sr_1_171?dib=eyJ2IjoiMSJ9.BKD228c7LrqrrgCDQaiXpHoPln6kPibfx2KMrRVY-Sz4Nt1yzTAkdY8HA7Qp3N4eYlcKYQ0e3aVwgTyKwqLQju_sPMJchxj6rNHX0Joo7SRCoFgo61EtCWbNQ7_Jg9XMuCZXqTv9yvFxc6yJC90hza3iGSJCTCQhBum6pQWFmFUvOk0AagPyk77-HERc1MlL1ET8KEGYwxuLBsg01sID-Ft_3NgCjMAh5QYQ3E4yhyCe5uoeCWie-6Q6vz9IbzH17t-8RSTh_7pKEd_bUBdLkOBbrHbNVcZs-GAg_FurQnA.E_3GfAVPEfinF5Y4IDrjXo0gKTBg5T7QjjXRkLLLAww&dib_tag=se&keywords=clutches&qid=1747736300&sr=8-171,https://m.media-amazon.com/images/I/51liNIgp8dL._AC_UL320_.jpg,₹389,₹810
Achalnath Tools,https://www.amazon.in/Johnson-Tools-Bullet-Earring-Backings/dp/B0C4HR1R5T/ref=sr_1_172?dib=eyJ2IjoiMSJ9.BKD228c7LrqrrgCDQaiXpHoPln6kPibfx2KMrRVY-Sz4Nt1yzTAkdY8HA7Qp3N4eYlcKYQ0e3aVwgTyKwqLQju_sPMJchxj6rNHX0Joo7SRCoFgo61EtCWbNQ7_Jg9XMuCZXqTv9yvFxc6yJC90hza3iGSJCTCQhBum6pQWFmFUvOk0AagPyk77-HERc1MlL1ET8KEGYwxuLBsg01sID-Ft_3NgCjMAh5QYQ3E4yhyCe5uoeCWie-6Q6vz9IbzH17t-8RSTh_7pKEd_bUBdLkOBbrHbNVcZs-GAg_FurQnA.E_3GfAVPEfinF5Y4IDrjXo0gKTBg5T7QjjXRkLLLAww&dib_tag=se&keywords=clutches&qid=1747736300&sr=8-172,https://m.media-amazon.com/images/I/61yKmYO6ucL._AC_UL320_.jpg,₹285,₹2.85
Trendsetter,https://www.amazon.in/Trendsetter-Medium-Clutchers-pieces-Glossy/dp/B08L1ZP76C/ref=sr_1_173?dib=eyJ2IjoiMSJ9.BKD228c7LrqrrgCDQaiXpHoPln6kPibfx2KMrRVY-Sz4Nt1yzTAkdY8HA7Qp3N4eYlcKYQ0e3aVwgTyKwqLQju_sPMJchxj6rNHX0Joo7SRCoFgo61EtCWbNQ7_Jg9XMuCZXqTv9yvFxc6yJC90hza3iGSJCTCQhBum6pQWFmFUvOk0AagPyk77-HERc1MlL1ET8KEGYwxuLBsg01sID-Ft_3NgCjMAh5QYQ3E4yhyCe5uoeCWie-6Q6vz9IbzH17t-8RSTh_7pKEd_bUBdLkOBbrHbNVcZs-GAg_FurQnA.E_3GfAVPEfinF5Y4IDrjXo0gKTBg5T7QjjXRkLLLAww&dib_tag=se&keywords=clutches&qid=1747736300&sr=8-173,https://m.media-amazon.com/images/I/41MstfVu2eL._AC_UL320_.jpg,₹280,₹599
Baba Fashions,https://www.amazon.in/FASHIONS-Multicolour-clutch-girls-women/dp/B07M7MCBG4/ref=sr_1_174?dib=eyJ2IjoiMSJ9.BKD228c7LrqrrgCDQaiXpHoPln6kPibfx2KMrRVY-Sz4Nt1yzTAkdY8HA7Qp3N4eYlcKYQ0e3aVwgTyKwqLQju_sPMJchxj6rNHX0Joo7SRCoFgo61EtCWbNQ7_Jg9XMuCZXqTv9yvFxc6yJC90hza3iGSJCTCQhBum6pQWFmFUvOk0AagPyk77-HERc1MlL1ET8KEGYwxuLBsg01sID-Ft_3NgCjMAh5QYQ3E4yhyCe5uoeCWie-6Q6vz9IbzH17t-8RSTh_7pKEd_bUBdLkOBbrHbNVcZs-GAg_FurQnA.E_3GfAVPEfinF5Y4IDrjXo0gKTBg5T7QjjXRkLLLAww&dib_tag=se&keywords=clutches&qid=1747736300&sr=8-174,https://m.media-amazon.com/images/I/81OTy5DWuvL._AC_UL320_.jpg,₹147,₹399
Generic,https://www.amazon.in/Generic-Hair-Clip-Transparent-Multicolor/dp/B0DYK3KCS4/ref=sr_1_175?dib=eyJ2IjoiMSJ9.BKD228c7LrqrrgCDQaiXpHoPln6kPibfx2KMrRVY-Sz4Nt1yzTAkdY8HA7Qp3N4eYlcKYQ0e3aVwgTyKwqLQju_sPMJchxj6rNHX0Joo7SRCoFgo61EtCWbNQ7_Jg9XMuCZXqTv9yvFxc6yJC90hza3iGSJCTCQhBum6pQWFmFUvOk0AagPyk77-HERc1MlL1ET8KEGYwxuLBsg01sID-Ft_3NgCjMAh5QYQ3E4yhyCe5uoeCWie-6Q6vz9IbzH17t-8RSTh_7pKEd_bUBdLkOBbrHbNVcZs-GAg_FurQnA.E_3GfAVPEfinF5Y4IDrjXo0gKTBg5T7QjjXRkLLLAww&dib_tag=se&keywords=clutches&qid=1747736300&sr=8-175,https://m.media-amazon.com/images/I/61a2PuealiL._AC_UL320_.jpg,₹229,₹599
Generic,https://www.amazon.in/Jewels%C2%AE-butterfly-Premium-Supporter-Stoppers/dp/B0CLYD74S2/ref=sr_1_176?dib=eyJ2IjoiMSJ9.BKD228c7LrqrrgCDQaiXpHoPln6kPibfx2KMrRVY-Sz4Nt1yzTAkdY8HA7Qp3N4eYlcKYQ0e3aVwgTyKwqLQju_sPMJchxj6rNHX0Joo7SRCoFgo61EtCWbNQ7_Jg9XMuCZXqTv9yvFxc6yJC90hza3iGSJCTCQhBum6pQWFmFUvOk0AagPyk77-HERc1MlL1ET8KEGYwxuLBsg01sID-Ft_3NgCjMAh5QYQ3E4yhyCe5uoeCWie-6Q6vz9IbzH17t-8RSTh_7pKEd_bUBdLkOBbrHbNVcZs-GAg_FurQnA.E_3GfAVPEfinF5Y4IDrjXo0gKTBg5T7QjjXRkLLLAww&dib_tag=se&keywords=clutches&qid=1747736300&sr=8-176,https://m.media-amazon.com/images/I/61h1JacEy8L._AC_UL320_.jpg,₹367,₹734
Navjai,https://www.amazon.in/Navjai-MultiColour-Butterfly-hair-Styling/dp/B09X33BZMR/ref=sr_1_177?dib=eyJ2IjoiMSJ9.BKD228c7LrqrrgCDQaiXpHoPln6kPibfx2KMrRVY-Sz4Nt1yzTAkdY8HA7Qp3N4eYlcKYQ0e3aVwgTyKwqLQju_sPMJchxj6rNHX0Joo7SRCoFgo61EtCWbNQ7_Jg9XMuCZXqTv9yvFxc6yJC90hza3iGSJCTCQhBum6pQWFmFUvOk0AagPyk77-HERc1MlL1ET8KEGYwxuLBsg01sID-Ft_3NgCjMAh5QYQ3E4yhyCe5uoeCWie-6Q6vz9IbzH17t-8RSTh_7pKEd_bUBdLkOBbrHbNVcZs-GAg_FurQnA.E_3GfAVPEfinF5Y4IDrjXo0gKTBg5T7QjjXRkLLLAww&dib_tag=se&keywords=clutches&qid=1747736300&sr=8-177,https://m.media-amazon.com/images/I/71A5l5ja1ML._AC_UL320_.jpg,₹249,₹599
Estele,https://www.amazon.in/Multicolor-Meduim-Clutchers-Design-Womens/dp/B0B51ZNXDX/ref=sr_1_178?dib=eyJ2IjoiMSJ9.BKD228c7LrqrrgCDQaiXpHoPln6kPibfx2KMrRVY-Sz4Nt1yzTAkdY8HA7Qp3N4eYlcKYQ0e3aVwgTyKwqLQju_sPMJchxj6rNHX0Joo7SRCoFgo61EtCWbNQ7_Jg9XMuCZXqTv9yvFxc6yJC90hza3iGSJCTCQhBum6pQWFmFUvOk0AagPyk77-HERc1MlL1ET8KEGYwxuLBsg01sID-Ft_3NgCjMAh5QYQ3E4yhyCe5uoeCWie-6Q6vz9IbzH17t-8RSTh_7pKEd_bUBdLkOBbrHbNVcZs-GAg_FurQnA.E_3GfAVPEfinF5Y4IDrjXo0gKTBg5T7QjjXRkLLLAww&dib_tag=se&keywords=clutches&qid=1747736300&sr=8-178,https://m.media-amazon.com/images/I/6165rbFUIGL._AC_UL320_.jpg,₹129,₹249
FINEWORLD,https://www.amazon.in/FINEWORLD-HAIRCLIPS-FW-WG-HC-2-Hairclips-Accessories/dp/B0BTX86Q8D/ref=sr_1_179?dib=eyJ2IjoiMSJ9.BKD228c7LrqrrgCDQaiXpHoPln6kPibfx2KMrRVY-Sz4Nt1yzTAkdY8HA7Qp3N4eYlcKYQ0e3aVwgTyKwqLQju_sPMJchxj6rNHX0Joo7SRCoFgo61EtCWbNQ7_Jg9XMuCZXqTv9yvFxc6yJC90hza3iGSJCTCQhBum6pQWFmFUvOk0AagPyk77-HERc1MlL1ET8KEGYwxuLBsg01sID-Ft_3NgCjMAh5QYQ3E4yhyCe5uoeCWie-6Q6vz9IbzH17t-8RSTh_7pKEd_bUBdLkOBbrHbNVcZs-GAg_FurQnA.E_3GfAVPEfinF5Y4IDrjXo0gKTBg5T7QjjXRkLLLAww&dib_tag=se&keywords=clutches&qid=1747736300&sr=8-179,https://m.media-amazon.com/images/I/61iCTTDljKL._AC_UL320_.jpg,₹239,₹499
GoldGiftIdeas,https://www.amazon.in/GoldGiftIdeas-Velvet-Embroidered-Bridal-Evening/dp/B08KLPPKXT/ref=sr_1_180?dib=eyJ2IjoiMSJ9.BKD228c7LrqrrgCDQaiXpHoPln6kPibfx2KMrRVY-Sz4Nt1yzTAkdY8HA7Qp3N4eYlcKYQ0e3aVwgTyKwqLQju_sPMJchxj6rNHX0Joo7SRCoFgo61EtCWbNQ7_Jg9XMuCZXqTv9yvFxc6yJC90hza3iGSJCTCQhBum6pQWFmFUvOk0AagPyk77-HERc1MlL1ET8KEGYwxuLBsg01sID-Ft_3NgCjMAh5QYQ3E4yhyCe5uoeCWie-6Q6vz9IbzH17t-8RSTh_7pKEd_bUBdLkOBbrHbNVcZs-GAg_FurQnA.E_3GfAVPEfinF5Y4IDrjXo0gKTBg5T7QjjXRkLLLAww&dib_tag=se&keywords=clutches&qid=1747736300&sr=8-180,https://m.media-amazon.com/images/I/7178zcecSrL._AC_UL320_.jpg,"₹1,299","₹2,099"
Glamour Galleria,https://www.amazon.in/Glamour-Galleria-Unique-Flower-Clutches/dp/B0CXPPZ1BZ/ref=sr_1_181?dib=eyJ2IjoiMSJ9.BKD228c7LrqrrgCDQaiXpHoPln6kPibfx2KMrRVY-Sz4Nt1yzTAkdY8HA7Qp3N4eYlcKYQ0e3aVwgTyKwqLQju_sPMJchxj6rNHX0Joo7SRCoFgo61EtCWbNQ7_Jg9XMuCZXqTv9yvFxc6yJC90hza3iGSJCTCQhBum6pQWFmFUvOk0AagPyk77-HERc1MlL1ET8KEGYwxuLBsg01sID-Ft_3NgCjMAh5QYQ3E4yhyCe5uoeCWie-6Q6vz9IbzH17t-8RSTh_7pKEd_bUBdLkOBbrHbNVcZs-GAg_FurQnA.E_3GfAVPEfinF5Y4IDrjXo0gKTBg5T7QjjXRkLLLAww&dib_tag=se&keywords=clutches&qid=1747736300&sr=8-181,https://m.media-amazon.com/images/I/51ZRQISZeJL._AC_UL320_.jpg,₹399,₹999
Gino Milano,https://www.amazon.in/Womens-Classy-Leather-Matching-Tri-Fold/dp/B09Q5457BG/ref=sr_1_182?dib=eyJ2IjoiMSJ9.BKD228c7LrqrrgCDQaiXpHoPln6kPibfx2KMrRVY-Sz4Nt1yzTAkdY8HA7Qp3N4eYlcKYQ0e3aVwgTyKwqLQju_sPMJchxj6rNHX0Joo7SRCoFgo61EtCWbNQ7_Jg9XMuCZXqTv9yvFxc6yJC90hza3iGSJCTCQhBum6pQWFmFUvOk0AagPyk77-HERc1MlL1ET8KEGYwxuLBsg01sID-Ft_3NgCjMAh5QYQ3E4yhyCe5uoeCWie-6Q6vz9IbzH17t-8RSTh_7pKEd_bUBdLkOBbrHbNVcZs-GAg_FurQnA.E_3GfAVPEfinF5Y4IDrjXo0gKTBg5T7QjjXRkLLLAww&dib_tag=se&keywords=clutches&qid=1747736300&sr=8-182,https://m.media-amazon.com/images/I/81-k-1QOR5L._AC_UL320_.jpg,"₹3,999","₹7,899"
BIRDWARE,https://www.amazon.in/BIRDWARE-Plastic-Clutch-Medium-Clutchers/dp/B09WDXXTQN/ref=sr_1_183?dib=eyJ2IjoiMSJ9.BKD228c7LrqrrgCDQaiXpHoPln6kPibfx2KMrRVY-Sz4Nt1yzTAkdY8HA7Qp3N4eYlcKYQ0e3aVwgTyKwqLQju_sPMJchxj6rNHX0Joo7SRCoFgo61EtCWbNQ7_Jg9XMuCZXqTv9yvFxc6yJC90hza3iGSJCTCQhBum6pQWFmFUvOk0AagPyk77-HERc1MlL1ET8KEGYwxuLBsg01sID-Ft_3NgCjMAh5QYQ3E4yhyCe5uoeCWie-6Q6vz9IbzH17t-8RSTh_7pKEd_bUBdLkOBbrHbNVcZs-GAg_FurQnA.E_3GfAVPEfinF5Y4IDrjXo0gKTBg5T7QjjXRkLLLAww&dib_tag=se&keywords=clutches&qid=1747736300&sr=8-183,https://m.media-amazon.com/images/I/81fnuVYAKhL._AC_UL320_.jpg,₹265,₹499
Yellow Chimes,https://www.amazon.in/Yellow-Chimes-Clutchers-Printed-Accessories/dp/B09FTBBHTS/ref=sr_1_184?dib=eyJ2IjoiMSJ9.BKD228c7LrqrrgCDQaiXpHoPln6kPibfx2KMrRVY-Sz4Nt1yzTAkdY8HA7Qp3N4eYlcKYQ0e3aVwgTyKwqLQju_sPMJchxj6rNHX0Joo7SRCoFgo61EtCWbNQ7_Jg9XMuCZXqTv9yvFxc6yJC90hza3iGSJCTCQhBum6pQWFmFUvOk0AagPyk77-HERc1MlL1ET8KEGYwxuLBsg01sID-Ft_3NgCjMAh5QYQ3E4yhyCe5uoeCWie-6Q6vz9IbzH17t-8RSTh_7pKEd_bUBdLkOBbrHbNVcZs-GAg_FurQnA.E_3GfAVPEfinF5Y4IDrjXo0gKTBg5T7QjjXRkLLLAww&dib_tag=se&keywords=clutches&qid=1747736300&sr=8-184,https://m.media-amazon.com/images/I/61W4Bytpf0L._AC_UL320_.jpg,₹386,"₹1,162.17"
Generic,https://www.amazon.in/Generic-Handbag-Shoulder-Crossbody-Ladies/dp/B0DSPB4TGT/ref=sr_1_185?dib=eyJ2IjoiMSJ9.BKD228c7LrqrrgCDQaiXpHoPln6kPibfx2KMrRVY-Sz4Nt1yzTAkdY8HA7Qp3N4eYlcKYQ0e3aVwgTyKwqLQju_sPMJchxj6rNHX0Joo7SRCoFgo61EtCWbNQ7_Jg9XMuCZXqTv9yvFxc6yJC90hza3iGSJCTCQhBum6pQWFmFUvOk0AagPyk77-HERc1MlL1ET8KEGYwxuLBsg01sID-Ft_3NgCjMAh5QYQ3E4yhyCe5uoeCWie-6Q6vz9IbzH17t-8RSTh_7pKEd_bUBdLkOBbrHbNVcZs-GAg_FurQnA.E_3GfAVPEfinF5Y4IDrjXo0gKTBg5T7QjjXRkLLLAww&dib_tag=se&keywords=clutches&qid=1747736300&sr=8-185,https://m.media-amazon.com/images/I/61-u8nuUo3L._AC_UL320_.jpg,"₹1,546","₹3,119"
IIK COLLECTION,https://www.amazon.in/Collection-Womens-Elegant-Clutch-IIK-COM-004-TAN-1002W/dp/B06XC1YHG3/ref=sr_1_186?dib=eyJ2IjoiMSJ9.BKD228c7LrqrrgCDQaiXpHoPln6kPibfx2KMrRVY-Sz4Nt1yzTAkdY8HA7Qp3N4eYlcKYQ0e3aVwgTyKwqLQju_sPMJchxj6rNHX0Joo7SRCoFgo61EtCWbNQ7_Jg9XMuCZXqTv9yvFxc6yJC90hza3iGSJCTCQhBum6pQWFmFUvOk0AagPyk77-HERc1MlL1ET8KEGYwxuLBsg01sID-Ft_3NgCjMAh5QYQ3E4yhyCe5uoeCWie-6Q6vz9IbzH17t-8RSTh_7pKEd_bUBdLkOBbrHbNVcZs-GAg_FurQnA.E_3GfAVPEfinF5Y4IDrjXo0gKTBg5T7QjjXRkLLLAww&dib_tag=se&keywords=clutches&qid=1747736300&sr=8-186,https://m.media-amazon.com/images/I/61T+ACNYb5L._AC_UL320_.jpg,₹699,"₹2,999"
IIK COLLECTION,https://www.amazon.in/Collection-Womens-Elegant-Clutch-IIK-COM-004-RED-1012W/dp/B06XBKXCJR/ref=sr_1_187?dib=eyJ2IjoiMSJ9.BKD228c7LrqrrgCDQaiXpHoPln6kPibfx2KMrRVY-Sz4Nt1yzTAkdY8HA7Qp3N4eYlcKYQ0e3aVwgTyKwqLQju_sPMJchxj6rNHX0Joo7SRCoFgo61EtCWbNQ7_Jg9XMuCZXqTv9yvFxc6yJC90hza3iGSJCTCQhBum6pQWFmFUvOk0AagPyk77-HERc1MlL1ET8KEGYwxuLBsg01sID-Ft_3NgCjMAh5QYQ3E4yhyCe5uoeCWie-6Q6vz9IbzH17t-8RSTh_7pKEd_bUBdLkOBbrHbNVcZs-GAg_FurQnA.E_3GfAVPEfinF5Y4IDrjXo0gKTBg5T7QjjXRkLLLAww&dib_tag=se&keywords=clutches&qid=1747736300&sr=8-187,https://m.media-amazon.com/images/I/71a5k6z2T3L._AC_UL320_.jpg,₹699,"₹2,999"
IIK COLLECTION,https://www.amazon.in/Collection-Womens-Elegant-Clutch-IIK-COM-002-RED-1013W/dp/B06XBZX8YC/ref=sr_1_188?dib=eyJ2IjoiMSJ9.BKD228c7LrqrrgCDQaiXpHoPln6kPibfx2KMrRVY-Sz4Nt1yzTAkdY8HA7Qp3N4eYlcKYQ0e3aVwgTyKwqLQju_sPMJchxj6rNHX0Joo7SRCoFgo61EtCWbNQ7_Jg9XMuCZXqTv9yvFxc6yJC90hza3iGSJCTCQhBum6pQWFmFUvOk0AagPyk77-HERc1MlL1ET8KEGYwxuLBsg01sID-Ft_3NgCjMAh5QYQ3E4yhyCe5uoeCWie-6Q6vz9IbzH17t-8RSTh_7pKEd_bUBdLkOBbrHbNVcZs-GAg_FurQnA.E_3GfAVPEfinF5Y4IDrjXo0gKTBg5T7QjjXRkLLLAww&dib_tag=se&keywords=clutches&qid=1747736300&sr=8-188,https://m.media-amazon.com/images/I/710ZBa+QBmL._AC_UL320_.jpg,₹699,"₹2,999"
IIK COLLECTION,https://www.amazon.in/Collection-Womens-Elegant-Clutch-IIK-COM-001-RED-1112W/dp/B06XC1RFPT/ref=sr_1_189?dib=eyJ2IjoiMSJ9.BKD228c7LrqrrgCDQaiXpHoPln6kPibfx2KMrRVY-Sz4Nt1yzTAkdY8HA7Qp3N4eYlcKYQ0e3aVwgTyKwqLQju_sPMJchxj6rNHX0Joo7SRCoFgo61EtCWbNQ7_Jg9XMuCZXqTv9yvFxc6yJC90hza3iGSJCTCQhBum6pQWFmFUvOk0AagPyk77-HERc1MlL1ET8KEGYwxuLBsg01sID-Ft_3NgCjMAh5QYQ3E4yhyCe5uoeCWie-6Q6vz9IbzH17t-8RSTh_7pKEd_bUBdLkOBbrHbNVcZs-GAg_FurQnA.E_3GfAVPEfinF5Y4IDrjXo0gKTBg5T7QjjXRkLLLAww&dib_tag=se&keywords=clutches&qid=1747736300&sr=8-189,https://m.media-amazon.com/images/I/71EZFJpnhhL._AC_UL320_.jpg,₹699,"₹2,999"
PAMDO Watch Tool Professional Watch Movement Clutch Screws Repair Kits for ETA 2836 2824 2834 2846 Watch Accessories Watch Repair Tools & Kits (Color : Silver),https://www.amazon.in/Professional-Movement-Clutch-Screws-Accessories/dp/B0B56SW6V2/ref=sr_1_190?dib=eyJ2IjoiMSJ9.BKD228c7LrqrrgCDQaiXpHoPln6kPibfx2KMrRVY-Sz4Nt1yzTAkdY8HA7Qp3N4eYlcKYQ0e3aVwgTyKwqLQju_sPMJchxj6rNHX0Joo7SRCoFgo61EtCWbNQ7_Jg9XMuCZXqTv9yvFxc6yJC90hza3iGSJCTCQhBum6pQWFmFUvOk0AagPyk77-HERc1MlL1ET8KEGYwxuLBsg01sID-Ft_3NgCjMAh5QYQ3E4yhyCe5uoeCWie-6Q6vz9IbzH17t-8RSTh_7pKEd_bUBdLkOBbrHbNVcZs-GAg_FurQnA.E_3GfAVPEfinF5Y4IDrjXo0gKTBg5T7QjjXRkLLLAww&dib_tag=se&keywords=clutches&qid=1747736300&sr=8-190,https://m.media-amazon.com/images/I/51Ee2vdK2VL._AC_UL320_.jpg,"₹9,298","₹18,899"
Duke,https://www.amazon.in/Watch-Casual-Brown-Leather-Quartz/dp/B07SKWY6XB/ref=sr_1_191?dib=eyJ2IjoiMSJ9.BKD228c7LrqrrgCDQaiXpHoPln6kPibfx2KMrRVY-Sz4Nt1yzTAkdY8HA7Qp3N4eYlcKYQ0e3aVwgTyKwqLQju_sPMJchxj6rNHX0Joo7SRCoFgo61EtCWbNQ7_Jg9XMuCZXqTv9yvFxc6yJC90hza3iGSJCTCQhBum6pQWFmFUvOk0AagPyk77-HERc1MlL1ET8KEGYwxuLBsg01sID-Ft_3NgCjMAh5QYQ3E4yhyCe5uoeCWie-6Q6vz9IbzH17t-8RSTh_7pKEd_bUBdLkOBbrHbNVcZs-GAg_FurQnA.E_3GfAVPEfinF5Y4IDrjXo0gKTBg5T7QjjXRkLLLAww&dib_tag=se&keywords=clutches&qid=1747736300&sr=8-191,https://m.media-amazon.com/images/I/6169N07t63L._AC_UL320_.jpg,"₹1,649","₹5,499"
ARSMI Professional Watch Movement Clutch Screws Repair Kits Compatible with ETA 2836 2824 2834 2846 Watch Accessories Watch Repair Tool (Color : Silver),https://www.amazon.in/Professional-Movement-Clutch-Compatible-Accessories/dp/B0B3TCCVQY/ref=sr_1_192?dib=eyJ2IjoiMSJ9.BKD228c7LrqrrgCDQaiXpHoPln6kPibfx2KMrRVY-Sz4Nt1yzTAkdY8HA7Qp3N4eYlcKYQ0e3aVwgTyKwqLQju_sPMJchxj6rNHX0Joo7SRCoFgo61EtCWbNQ7_Jg9XMuCZXqTv9yvFxc6yJC90hza3iGSJCTCQhBum6pQWFmFUvOk0AagPyk77-HERc1MlL1ET8KEGYwxuLBsg01sID-Ft_3NgCjMAh5QYQ3E4yhyCe5uoeCWie-6Q6vz9IbzH17t-8RSTh_7pKEd_bUBdLkOBbrHbNVcZs-GAg_FurQnA.E_3GfAVPEfinF5Y4IDrjXo0gKTBg5T7QjjXRkLLLAww&dib_tag=se&keywords=clutches&qid=1747736300&sr=8-192,https://m.media-amazon.com/images/I/51Ee2vdK2VL._AC_UL320_.jpg,"₹10,848","₹21,999"
Duke,https://www.amazon.in/Duke-Analogue-Black-Quartz-Watch/dp/B07SCTBWW1/ref=sr_1_193?dib=eyJ2IjoiMSJ9.BKD228c7LrqrrgCDQaiXpHoPln6kPibfx2KMrRVY-Sz4Nt1yzTAkdY8HA7Qp3N4eYlcKYQ0e3aVwgTyKwqLQju_sPMJchxj6rNHX0Joo7SRCoFgo61EtCWbNQ7_Jg9XMuCZXqTv9yvFxc6yJC90hza3iGSJCTCQhBum6pQWFmFUvOk0AagPyk77-HERc1MlL1ET8KEGYwxuLBsg01sID-Ft_3NgCjMAh5QYQ3E4yhyCe5uoeCWie-6Q6vz9IbzH17t-8RSTh_7pKEd_bUBdLkOBbrHbNVcZs-GAg_FurQnA.E_3GfAVPEfinF5Y4IDrjXo0gKTBg5T7QjjXRkLLLAww&dib_tag=se&keywords=clutches&qid=1747736300&sr=8-193,https://m.media-amazon.com/images/I/81EFBOwzZwL._AC_UL320_.jpg,"₹1,559","₹5,199"
Mochi,https://www.amazon.in/Mochi-Women-Black-Clutch-38-34/dp/B0C7VY5Y7P/ref=sr_1_194?dib=eyJ2IjoiMSJ9.BKD228c7LrqrrgCDQaiXpHoPln6kPibfx2KMrRVY-Sz4Nt1yzTAkdY8HA7Qp3N4eYlcKYQ0e3aVwgTyKwqLQju_sPMJchxj6rNHX0Joo7SRCoFgo61EtCWbNQ7_Jg9XMuCZXqTv9yvFxc6yJC90hza3iGSJCTCQhBum6pQWFmFUvOk0AagPyk77-HERc1MlL1ET8KEGYwxuLBsg01sID-Ft_3NgCjMAh5QYQ3E4yhyCe5uoeCWie-6Q6vz9IbzH17t-8RSTh_7pKEd_bUBdLkOBbrHbNVcZs-GAg_FurQnA.E_3GfAVPEfinF5Y4IDrjXo0gKTBg5T7QjjXRkLLLAww&dib_tag=se&keywords=clutches&qid=1747736300&sr=8-194,https://m.media-amazon.com/images/I/71eDV2AhC-L._AC_UL320_.jpg,₹845,"₹1,690"
AILTINO,https://www.amazon.in/AILTINO-womens-Handicraft-Beautiful-Clutch/dp/B0B3BX1Q69/ref=sr_1_195?dib=eyJ2IjoiMSJ9.BKD228c7LrqrrgCDQaiXpHoPln6kPibfx2KMrRVY-Sz4Nt1yzTAkdY8HA7Qp3N4eYlcKYQ0e3aVwgTyKwqLQju_sPMJchxj6rNHX0Joo7SRCoFgo61EtCWbNQ7_Jg9XMuCZXqTv9yvFxc6yJC90hza3iGSJCTCQhBum6pQWFmFUvOk0AagPyk77-HERc1MlL1ET8KEGYwxuLBsg01sID-Ft_3NgCjMAh5QYQ3E4yhyCe5uoeCWie-6Q6vz9IbzH17t-8RSTh_7pKEd_bUBdLkOBbrHbNVcZs-GAg_FurQnA.E_3GfAVPEfinF5Y4IDrjXo0gKTBg5T7QjjXRkLLLAww&dib_tag=se&keywords=clutches&qid=1747736300&sr=8-195,https://m.media-amazon.com/images/I/910z1NvgOhL._AC_UL320_.jpg,₹299,"₹1,999"
generic,https://www.amazon.in/Umera-Clutch-Golden-girls-women/dp/B08VH5LT9F/ref=sr_1_196?dib=eyJ2IjoiMSJ9.BKD228c7LrqrrgCDQaiXpHoPln6kPibfx2KMrRVY-Sz4Nt1yzTAkdY8HA7Qp3N4eYlcKYQ0e3aVwgTyKwqLQju_sPMJchxj6rNHX0Joo7SRCoFgo61EtCWbNQ7_Jg9XMuCZXqTv9yvFxc6yJC90hza3iGSJCTCQhBum6pQWFmFUvOk0AagPyk77-HERc1MlL1ET8KEGYwxuLBsg01sID-Ft_3NgCjMAh5QYQ3E4yhyCe5uoeCWie-6Q6vz9IbzH17t-8RSTh_7pKEd_bUBdLkOBbrHbNVcZs-GAg_FurQnA.E_3GfAVPEfinF5Y4IDrjXo0gKTBg5T7QjjXRkLLLAww&dib_tag=se&keywords=clutches&qid=1747736300&sr=8-196,https://m.media-amazon.com/images/I/81fmKIvoeoL._AC_UL320_.jpg,₹649,"₹1,999"
For The Beautiful You,https://www.amazon.in/Beautiful-You-Embroidered-Clutch-Wedding/dp/B07P97MVBT/ref=sr_1_197?dib=eyJ2IjoiMSJ9.BKD228c7LrqrrgCDQaiXpHoPln6kPibfx2KMrRVY-Sz4Nt1yzTAkdY8HA7Qp3N4eYlcKYQ0e3aVwgTyKwqLQju_sPMJchxj6rNHX0Joo7SRCoFgo61EtCWbNQ7_Jg9XMuCZXqTv9yvFxc6yJC90hza3iGSJCTCQhBum6pQWFmFUvOk0AagPyk77-HERc1MlL1ET8KEGYwxuLBsg01sID-Ft_3NgCjMAh5QYQ3E4yhyCe5uoeCWie-6Q6vz9IbzH17t-8RSTh_7pKEd_bUBdLkOBbrHbNVcZs-GAg_FurQnA.E_3GfAVPEfinF5Y4IDrjXo0gKTBg5T7QjjXRkLLLAww&dib_tag=se&keywords=clutches&qid=1747736300&sr=8-197,https://m.media-amazon.com/images/I/91Ns+3XxvnL._AC_UL320_.jpg,₹386,"₹1,299"
BIRDWARE,https://www.amazon.in/BIRDWARE-Butterfly-Accessories-Stylish-clutchers/dp/B09Y5JC3VT/ref=sr_1_198?dib=eyJ2IjoiMSJ9.BKD228c7LrqrrgCDQaiXpHoPln6kPibfx2KMrRVY-Sz4Nt1yzTAkdY8HA7Qp3N4eYlcKYQ0e3aVwgTyKwqLQju_sPMJchxj6rNHX0Joo7SRCoFgo61EtCWbNQ7_Jg9XMuCZXqTv9yvFxc6yJC90hza3iGSJCTCQhBum6pQWFmFUvOk0AagPyk77-HERc1MlL1ET8KEGYwxuLBsg01sID-Ft_3NgCjMAh5QYQ3E4yhyCe5uoeCWie-6Q6vz9IbzH17t-8RSTh_7pKEd_bUBdLkOBbrHbNVcZs-GAg_FurQnA.E_3GfAVPEfinF5Y4IDrjXo0gKTBg5T7QjjXRkLLLAww&dib_tag=se&keywords=clutches&qid=1747736300&sr=8-198,https://m.media-amazon.com/images/I/81RrU6vxg7L._AC_UL320_.jpg,₹249,₹549
TOOBA,https://www.amazon.in/Tooba-Handicraft-Womens-Synthetic-Embroidered/dp/B07TVVB7RR/ref=sr_1_199?dib=eyJ2IjoiMSJ9.BKD228c7LrqrrgCDQaiXpHoPln6kPibfx2KMrRVY-Sz4Nt1yzTAkdY8HA7Qp3N4eYlcKYQ0e3aVwgTyKwqLQju_sPMJchxj6rNHX0Joo7SRCoFgo61EtCWbNQ7_Jg9XMuCZXqTv9yvFxc6yJC90hza3iGSJCTCQhBum6pQWFmFUvOk0AagPyk77-HERc1MlL1ET8KEGYwxuLBsg01sID-Ft_3NgCjMAh5QYQ3E4yhyCe5uoeCWie-6Q6vz9IbzH17t-8RSTh_7pKEd_bUBdLkOBbrHbNVcZs-GAg_FurQnA.E_3GfAVPEfinF5Y4IDrjXo0gKTBg5T7QjjXRkLLLAww&dib_tag=se&keywords=clutches&qid=1747736300&sr=8-199,https://m.media-amazon.com/images/I/710bqca4k0L._AC_UL320_.jpg,₹477,"₹4,999"
Lavie,https://www.amazon.in/Lavie-Womens-Tinkle-Framed-Clutch/dp/B09XJ3RRVB/ref=sr_1_200?dib=eyJ2IjoiMSJ9.BKD228c7LrqrrgCDQaiXpHoPln6kPibfx2KMrRVY-Sz4Nt1yzTAkdY8HA7Qp3N4eYlcKYQ0e3aVwgTyKwqLQju_sPMJchxj6rNHX0Joo7SRCoFgo61EtCWbNQ7_Jg9XMuCZXqTv9yvFxc6yJC90hza3iGSJCTCQhBum6pQWFmFUvOk0AagPyk77-HERc1MlL1ET8KEGYwxuLBsg01sID-Ft_3NgCjMAh5QYQ3E4yhyCe5uoeCWie-6Q6vz9IbzH17t-8RSTh_7pKEd_bUBdLkOBbrHbNVcZs-GAg_FurQnA.E_3GfAVPEfinF5Y4IDrjXo0gKTBg5T7QjjXRkLLLAww&dib_tag=se&keywords=clutches&qid=1747736300&sr=8-200,https://m.media-amazon.com/images/I/81xKXA45eqL._AC_UL320_.jpg,₹749,"₹2,499"
PEORA,https://www.amazon.in/sspa/click?ie=UTF8&spc=MTo3OTAzMjMxOTg3MTc4MjM1OjE3NDc3MzYzMDA6c3BfYnRmOjMwMDE1NzI5NTUxMjIzMjo6MDo6&url=%2FPeora-Wedding-Handmade-Handbags-C12CRM%2Fdp%2FB09M8DY52P%2Fref%3Dsr_1_201_sspa%3Fdib%3DeyJ2IjoiMSJ9.BKD228c7LrqrrgCDQaiXpHoPln6kPibfx2KMrRVY-Sz4Nt1yzTAkdY8HA7Qp3N4eYlcKYQ0e3aVwgTyKwqLQju_sPMJchxj6rNHX0Joo7SRCoFgo61EtCWbNQ7_Jg9XMuCZXqTv9yvFxc6yJC90hza3iGSJCTCQhBum6pQWFmFUvOk0AagPyk77-HERc1MlL1ET8KEGYwxuLBsg01sID-Ft_3NgCjMAh5QYQ3E4yhyCe5uoeCWie-6Q6vz9IbzH17t-8RSTh_7pKEd_bUBdLkOBbrHbNVcZs-GAg_FurQnA.E_3GfAVPEfinF5Y4IDrjXo0gKTBg5T7QjjXRkLLLAww%26dib_tag%3Dse%26keywords%3Dclutches%26qid%3D1747736300%26sr%3D8-201-spons%26sp_csd%3Dd2lkZ2V0TmFtZT1zcF9idGY%26psc%3D1,https://m.media-amazon.com/images/I/81Zoebg2LgL._AC_UL320_.jpg,"₹1,785","₹2,998"
PEORA,https://www.amazon.in/sspa/click?ie=UTF8&spc=MTo3OTAzMjMxOTg3MTc4MjM1OjE3NDc3MzYzMDA6c3BfYnRmOjMwMDE1NzMxOTA5ODYzMjo6MDo6&url=%2FPeora-Wedding-Handmade-Handbags-C89C%2Fdp%2FB09XXQFGR4%2Fref%3Dsr_1_202_sspa%3Fdib%3DeyJ2IjoiMSJ9.BKD228c7LrqrrgCDQaiXpHoPln6kPibfx2KMrRVY-Sz4Nt1yzTAkdY8HA7Qp3N4eYlcKYQ0e3aVwgTyKwqLQju_sPMJchxj6rNHX0Joo7SRCoFgo61EtCWbNQ7_Jg9XMuCZXqTv9yvFxc6yJC90hza3iGSJCTCQhBum6pQWFmFUvOk0AagPyk77-HERc1MlL1ET8KEGYwxuLBsg01sID-Ft_3NgCjMAh5QYQ3E4yhyCe5uoeCWie-6Q6vz9IbzH17t-8RSTh_7pKEd_bUBdLkOBbrHbNVcZs-GAg_FurQnA.E_3GfAVPEfinF5Y4IDrjXo0gKTBg5T7QjjXRkLLLAww%26dib_tag%3Dse%26keywords%3Dclutches%26qid%3D1747736300%26sr%3D8-202-spons%26sp_csd%3Dd2lkZ2V0TmFtZT1zcF9idGY%26psc%3D1,https://m.media-amazon.com/images/I/81x+CdhTbrL._AC_UL320_.jpg,"₹1,499","₹5,995"
New Style Handicraft,https://www.amazon.in/sspa/click?ie=UTF8&spc=MTo3OTAzMjMxOTg3MTc4MjM1OjE3NDc3MzYzMDA6c3BfYnRmOjMwMDIyOTU1NDU3NzYzMjo6MDo6&url=%2FNew-Style-Handicraft-Clutches-Handbag%2Fdp%2FB0CGRPXM3B%2Fref%3Dsr_1_203_sspa%3Fdib%3DeyJ2IjoiMSJ9.BKD228c7LrqrrgCDQaiXpHoPln6kPibfx2KMrRVY-Sz4Nt1yzTAkdY8HA7Qp3N4eYlcKYQ0e3aVwgTyKwqLQju_sPMJchxj6rNHX0Joo7SRCoFgo61EtCWbNQ7_Jg9XMuCZXqTv9yvFxc6yJC90hza3iGSJCTCQhBum6pQWFmFUvOk0AagPyk77-HERc1MlL1ET8KEGYwxuLBsg01sID-Ft_3NgCjMAh5QYQ3E4yhyCe5uoeCWie-6Q6vz9IbzH17t-8RSTh_7pKEd_bUBdLkOBbrHbNVcZs-GAg_FurQnA.E_3GfAVPEfinF5Y4IDrjXo0gKTBg5T7QjjXRkLLLAww%26dib_tag%3Dse%26keywords%3Dclutches%26qid%3D1747736300%26sr%3D8-203-spons%26sp_csd%3Dd2lkZ2V0TmFtZT1zcF9idGY%26psc%3D1,https://m.media-amazon.com/images/I/51muY-2oMML._AC_UL320_.jpg,"₹1,093","₹1,599"
New Style Handicraft,https://www.amazon.in/sspa/click?ie=UTF8&spc=MTo3OTAzMjMxOTg3MTc4MjM1OjE3NDc3MzYzMDA6c3BfYnRmOjMwMDIyOTU1NDU3NzAzMjo6MDo6&url=%2FNew-Style-Handicraft-Acrylic-Removable%2Fdp%2FB0CM9LXQGT%2Fref%3Dsr_1_204_sspa%3Fdib%3DeyJ2IjoiMSJ9.BKD228c7LrqrrgCDQaiXpHoPln6kPibfx2KMrRVY-Sz4Nt1yzTAkdY8HA7Qp3N4eYlcKYQ0e3aVwgTyKwqLQju_sPMJchxj6rNHX0Joo7SRCoFgo61EtCWbNQ7_Jg9XMuCZXqTv9yvFxc6yJC90hza3iGSJCTCQhBum6pQWFmFUvOk0AagPyk77-HERc1MlL1ET8KEGYwxuLBsg01sID-Ft_3NgCjMAh5QYQ3E4yhyCe5uoeCWie-6Q6vz9IbzH17t-8RSTh_7pKEd_bUBdLkOBbrHbNVcZs-GAg_FurQnA.E_3GfAVPEfinF5Y4IDrjXo0gKTBg5T7QjjXRkLLLAww%26dib_tag%3Dse%26keywords%3Dclutches%26qid%3D1747736300%26sr%3D8-204-spons%26sp_csd%3Dd2lkZ2V0TmFtZT1zcF9idGY%26psc%3D1,https://m.media-amazon.com/images/I/612-deMv+qL._AC_UL320_.jpg,"₹1,093","₹1,299"
New Style Handicraft,https://www.amazon.in/sspa/click?ie=UTF8&spc=MTo2Nzc0NzkyNTE4MDE5ODg6MTc0NzczNjMwNzpzcF9hdGZfbmV4dDozMDA1NjYyNzI4NzgxMzI6OjA6Og&url=%2FNew-Style-Handicraft-Celebrities-White%2Fdp%2FB0CG6DRBHP%2Fref%3Dsr_1_193_sspa%3Fdib%3DeyJ2IjoiMSJ9.tw3Rt6ks6fjLiSpqiJgAK-zByldWeii3Om-7zxDShOomuEBGnw45eWkWvCAJBOBKuZTN46Sb53Nq5k-WU2Y9f4viC8YcaTKBeV5yBHgULY4p4H3yEsm8Y73vo5OZFBsMYkV5L1NxOtKYR5eBiR5bP8xY1xRa51ci5emV3kwmduPqiLC2lN3ZUHLMOBFcJI_Q5WK89RDTDa06DJ31xAOQIB2cjpu3tHf6M04oY3at_EF_1GHEDa5t9xg3u7qfTJI6PXmOQcSWhzXlsAABMmhRLgdJG5T3PKV0LBbEZFhfjLw.yw-F90Lew7699W-4Mhfb8y5dFFp8xRXLQx71EPmF1jY%26dib_tag%3Dse%26keywords%3Dclutches%26qid%3D1747736306%26sr%3D8-193-spons%26sp_csd%3Dd2lkZ2V0TmFtZT1zcF9hdGZfbmV4dA%26psc%3D1,https://m.media-amazon.com/images/I/51oDNaYCN8L._AC_UL320_.jpg,₹997,"₹2,999"
New Style Handicraft,https://www.amazon.in/sspa/click?ie=UTF8&spc=MTo2Nzc0NzkyNTE4MDE5ODg6MTc0NzczNjMwNzpzcF9hdGZfbmV4dDozMDA1NjYyNzI4NzcyMzI6OjA6Og&url=%2FNew-Style-Handicraft-Clutches-Celebrities%2Fdp%2FB0CG6FQKBC%2Fref%3Dsr_1_194_sspa%3Fdib%3DeyJ2IjoiMSJ9.tw3Rt6ks6fjLiSpqiJgAK-zByldWeii3Om-7zxDShOomuEBGnw45eWkWvCAJBOBKuZTN46Sb53Nq5k-WU2Y9f4viC8YcaTKBeV5yBHgULY4p4H3yEsm8Y73vo5OZFBsMYkV5L1NxOtKYR5eBiR5bP8xY1xRa51ci5emV3kwmduPqiLC2lN3ZUHLMOBFcJI_Q5WK89RDTDa06DJ31xAOQIB2cjpu3tHf6M04oY3at_EF_1GHEDa5t9xg3u7qfTJI6PXmOQcSWhzXlsAABMmhRLgdJG5T3PKV0LBbEZFhfjLw.yw-F90Lew7699W-4Mhfb8y5dFFp8xRXLQx71EPmF1jY%26dib_tag%3Dse%26keywords%3Dclutches%26qid%3D1747736306%26sr%3D8-194-spons%26sp_csd%3Dd2lkZ2V0TmFtZT1zcF9hdGZfbmV4dA%26psc%3D1,https://m.media-amazon.com/images/I/61+hJiySAxL._AC_UL320_.jpg,₹943,"₹1,999"
New Style Handicraft,https://www.amazon.in/sspa/click?ie=UTF8&spc=MTo2Nzc0NzkyNTE4MDE5ODg6MTc0NzczNjMwNzpzcF9hdGZfbmV4dDozMDA1NjYyNzI4NzgyMzI6OjA6Og&url=%2FNew-Style-Handicraft-Removable-Multicolor%2Fdp%2FB0CF9W4RGR%2Fref%3Dsr_1_195_sspa%3Fdib%3DeyJ2IjoiMSJ9.tw3Rt6ks6fjLiSpqiJgAK-zByldWeii3Om-7zxDShOomuEBGnw45eWkWvCAJBOBKuZTN46Sb53Nq5k-WU2Y9f4viC8YcaTKBeV5yBHgULY4p4H3yEsm8Y73vo5OZFBsMYkV5L1NxOtKYR5eBiR5bP8xY1xRa51ci5emV3kwmduPqiLC2lN3ZUHLMOBFcJI_Q5WK89RDTDa06DJ31xAOQIB2cjpu3tHf6M04oY3at_EF_1GHEDa5t9xg3u7qfTJI6PXmOQcSWhzXlsAABMmhRLgdJG5T3PKV0LBbEZFhfjLw.yw-F90Lew7699W-4Mhfb8y5dFFp8xRXLQx71EPmF1jY%26dib_tag%3Dse%26keywords%3Dclutches%26qid%3D1747736306%26sr%3D8-195-spons%26sp_csd%3Dd2lkZ2V0TmFtZT1zcF9hdGZfbmV4dA%26psc%3D1,https://m.media-amazon.com/images/I/51edfb4EW3L._AC_UL320_.jpg,"₹1,037.82","₹1,299"
New Style Handicraft,https://www.amazon.in/sspa/click?ie=UTF8&spc=MTo2Nzc0NzkyNTE4MDE5ODg6MTc0NzczNjMwNzpzcF9hdGZfbmV4dDozMDAyMjk1NTQ1Nzc2MzI6OjA6Og&url=%2FNew-Style-Handicraft-Clutches-Handbag%2Fdp%2FB0CGRPXM3B%2Fref%3Dsr_1_196_sspa%3Fdib%3DeyJ2IjoiMSJ9.tw3Rt6ks6fjLiSpqiJgAK-zByldWeii3Om-7zxDShOomuEBGnw45eWkWvCAJBOBKuZTN46Sb53Nq5k-WU2Y9f4viC8YcaTKBeV5yBHgULY4p4H3yEsm8Y73vo5OZFBsMYkV5L1NxOtKYR5eBiR5bP8xY1xRa51ci5emV3kwmduPqiLC2lN3ZUHLMOBFcJI_Q5WK89RDTDa06DJ31xAOQIB2cjpu3tHf6M04oY3at_EF_1GHEDa5t9xg3u7qfTJI6PXmOQcSWhzXlsAABMmhRLgdJG5T3PKV0LBbEZFhfjLw.yw-F90Lew7699W-4Mhfb8y5dFFp8xRXLQx71EPmF1jY%26dib_tag%3Dse%26keywords%3Dclutches%26qid%3D1747736306%26sr%3D8-196-spons%26sp_csd%3Dd2lkZ2V0TmFtZT1zcF9hdGZfbmV4dA%26psc%3D1,https://m.media-amazon.com/images/I/51muY-2oMML._AC_UL320_.jpg,"₹1,093","₹1,599"
TOOBA,https://www.amazon.in/Tooba-Womens-Synthetic-Embroidered-Clutch/dp/B07G7BZYT9/ref=sr_1_197?dib=eyJ2IjoiMSJ9.tw3Rt6ks6fjLiSpqiJgAK-zByldWeii3Om-7zxDShOomuEBGnw45eWkWvCAJBOBKuZTN46Sb53Nq5k-WU2Y9f4viC8YcaTKBeV5yBHgULY4p4H3yEsm8Y73vo5OZFBsMYkV5L1NxOtKYR5eBiR5bP8xY1xRa51ci5emV3kwmduPqiLC2lN3ZUHLMOBFcJI_Q5WK89RDTDa06DJ31xAOQIB2cjpu3tHf6M04oY3at_EF_1GHEDa5t9xg3u7qfTJI6PXmOQcSWhzXlsAABMmhRLgdJG5T3PKV0LBbEZFhfjLw.yw-F90Lew7699W-4Mhfb8y5dFFp8xRXLQx71EPmF1jY&dib_tag=se&keywords=clutches&qid=1747736306&sr=8-197,https://m.media-amazon.com/images/I/81D0UCLqGNL._AC_UL320_.jpg,₹444,"₹3,498"
AILTINO,https://www.amazon.in/AILTINO-Womens-Clutch-Detachable-Wedding/dp/B0BY9PBVR1/ref=sr_1_198?dib=eyJ2IjoiMSJ9.tw3Rt6ks6fjLiSpqiJgAK-zByldWeii3Om-7zxDShOomuEBGnw45eWkWvCAJBOBKuZTN46Sb53Nq5k-WU2Y9f4viC8YcaTKBeV5yBHgULY4p4H3yEsm8Y73vo5OZFBsMYkV5L1NxOtKYR5eBiR5bP8xY1xRa51ci5emV3kwmduPqiLC2lN3ZUHLMOBFcJI_Q5WK89RDTDa06DJ31xAOQIB2cjpu3tHf6M04oY3at_EF_1GHEDa5t9xg3u7qfTJI6PXmOQcSWhzXlsAABMmhRLgdJG5T3PKV0LBbEZFhfjLw.yw-F90Lew7699W-4Mhfb8y5dFFp8xRXLQx71EPmF1jY&dib_tag=se&keywords=clutches&qid=1747736306&sr=8-198,https://m.media-amazon.com/images/I/91GRhIv+S-L._AC_UL320_.jpg,₹299,"₹1,999"
Anl Etails,https://www.amazon.in/Etails-Organza-Jewellery-Packing-Multicolour/dp/B09TGXGF99/ref=sr_1_199?dib=eyJ2IjoiMSJ9.tw3Rt6ks6fjLiSpqiJgAK-zByldWeii3Om-7zxDShOomuEBGnw45eWkWvCAJBOBKuZTN46Sb53Nq5k-WU2Y9f4viC8YcaTKBeV5yBHgULY4p4H3yEsm8Y73vo5OZFBsMYkV5L1NxOtKYR5eBiR5bP8xY1xRa51ci5emV3kwmduPqiLC2lN3ZUHLMOBFcJI_Q5WK89RDTDa06DJ31xAOQIB2cjpu3tHf6M04oY3at_EF_1GHEDa5t9xg3u7qfTJI6PXmOQcSWhzXlsAABMmhRLgdJG5T3PKV0LBbEZFhfjLw.yw-F90Lew7699W-4Mhfb8y5dFFp8xRXLQx71EPmF1jY&dib_tag=se&keywords=clutches&qid=1747736306&sr=8-199,https://m.media-amazon.com/images/I/51+WrLaGH6L._AC_UL320_.jpg,₹199,"₹19,900"
TOOBA,https://www.amazon.in/Tooba-Handicraft-Womens-Synthetic-Diamond/dp/B07TTTD2KZ/ref=sr_1_200?dib=eyJ2IjoiMSJ9.tw3Rt6ks6fjLiSpqiJgAK-zByldWeii3Om-7zxDShOomuEBGnw45eWkWvCAJBOBKuZTN46Sb53Nq5k-WU2Y9f4viC8YcaTKBeV5yBHgULY4p4H3yEsm8Y73vo5OZFBsMYkV5L1NxOtKYR5eBiR5bP8xY1xRa51ci5emV3kwmduPqiLC2lN3ZUHLMOBFcJI_Q5WK89RDTDa06DJ31xAOQIB2cjpu3tHf6M04oY3at_EF_1GHEDa5t9xg3u7qfTJI6PXmOQcSWhzXlsAABMmhRLgdJG5T3PKV0LBbEZFhfjLw.yw-F90Lew7699W-4Mhfb8y5dFFp8xRXLQx71EPmF1jY&dib_tag=se&keywords=clutches&qid=1747736306&sr=8-200,https://m.media-amazon.com/images/I/91+hXTq7JVL._AC_UL320_.jpg,₹845,"₹3,498"
AILTINO,https://www.amazon.in/AILTINO-Evening-Clutch-Handle-Wedding/dp/B0F67GNL2Q/ref=sr_1_201?dib=eyJ2IjoiMSJ9.tw3Rt6ks6fjLiSpqiJgAK-zByldWeii3Om-7zxDShOomuEBGnw45eWkWvCAJBOBKuZTN46Sb53Nq5k-WU2Y9f4viC8YcaTKBeV5yBHgULY4p4H3yEsm8Y73vo5OZFBsMYkV5L1NxOtKYR5eBiR5bP8xY1xRa51ci5emV3kwmduPqiLC2lN3ZUHLMOBFcJI_Q5WK89RDTDa06DJ31xAOQIB2cjpu3tHf6M04oY3at_EF_1GHEDa5t9xg3u7qfTJI6PXmOQcSWhzXlsAABMmhRLgdJG5T3PKV0LBbEZFhfjLw.yw-F90Lew7699W-4Mhfb8y5dFFp8xRXLQx71EPmF1jY&dib_tag=se&keywords=clutches&qid=1747736306&sr=8-201,https://m.media-amazon.com/images/I/81iKyNudJlL._AC_UL320_.jpg,₹299,"₹1,999"
ADISA,https://www.amazon.in/ADISA-Studded-formal-clutch-CL107-COP/dp/B0CW1KZYSY/ref=sr_1_202?dib=eyJ2IjoiMSJ9.tw3Rt6ks6fjLiSpqiJgAK-zByldWeii3Om-7zxDShOomuEBGnw45eWkWvCAJBOBKuZTN46Sb53Nq5k-WU2Y9f4viC8YcaTKBeV5yBHgULY4p4H3yEsm8Y73vo5OZFBsMYkV5L1NxOtKYR5eBiR5bP8xY1xRa51ci5emV3kwmduPqiLC2lN3ZUHLMOBFcJI_Q5WK89RDTDa06DJ31xAOQIB2cjpu3tHf6M04oY3at_EF_1GHEDa5t9xg3u7qfTJI6PXmOQcSWhzXlsAABMmhRLgdJG5T3PKV0LBbEZFhfjLw.yw-F90Lew7699W-4Mhfb8y5dFFp8xRXLQx71EPmF1jY&dib_tag=se&keywords=clutches&qid=1747736306&sr=8-202,https://m.media-amazon.com/images/I/91MxXY9r68L._AC_UL320_.jpg,₹598,"₹1,499"
Lavie,https://www.amazon.in/Lavie-Womens-Clutch-Detachable-Ladies/dp/B09VPJRQHX/ref=sr_1_203?dib=eyJ2IjoiMSJ9.tw3Rt6ks6fjLiSpqiJgAK-zByldWeii3Om-7zxDShOomuEBGnw45eWkWvCAJBOBKuZTN46Sb53Nq5k-WU2Y9f4viC8YcaTKBeV5yBHgULY4p4H3yEsm8Y73vo5OZFBsMYkV5L1NxOtKYR5eBiR5bP8xY1xRa51ci5emV3kwmduPqiLC2lN3ZUHLMOBFcJI_Q5WK89RDTDa06DJ31xAOQIB2cjpu3tHf6M04oY3at_EF_1GHEDa5t9xg3u7qfTJI6PXmOQcSWhzXlsAABMmhRLgdJG5T3PKV0LBbEZFhfjLw.yw-F90Lew7699W-4Mhfb8y5dFFp8xRXLQx71EPmF1jY&dib_tag=se&keywords=clutches&qid=1747736306&sr=8-203,https://m.media-amazon.com/images/I/81f5F8PnxSL._AC_UL320_.jpg,₹619,"₹2,499"
DCZ,https://www.amazon.in/DCZ-Womens-Clutch-Hand-Golden/dp/B0CKPFWS6T/ref=sr_1_205?dib=eyJ2IjoiMSJ9.tw3Rt6ks6fjLiSpqiJgAK-zByldWeii3Om-7zxDShOomuEBGnw45eWkWvCAJBOBKuZTN46Sb53Nq5k-WU2Y9f4viC8YcaTKBeV5yBHgULY4p4H3yEsm8Y73vo5OZFBsMYkV5L1NxOtKYR5eBiR5bP8xY1xRa51ci5emV3kwmduPqiLC2lN3ZUHLMOBFcJI_Q5WK89RDTDa06DJ31xAOQIB2cjpu3tHf6M04oY3at_EF_1GHEDa5t9xg3u7qfTJI6PXmOQcSWhzXlsAABMmhRLgdJG5T3PKV0LBbEZFhfjLw.yw-F90Lew7699W-4Mhfb8y5dFFp8xRXLQx71EPmF1jY&dib_tag=se&keywords=clutches&qid=1747736306&sr=8-205,https://m.media-amazon.com/images/I/61zKabOsjgL._AC_UL320_.jpg,₹349,₹999
ZOUK,https://www.amazon.in/ZOUK-Srinagar-Garden-Floral-Printed/dp/B0BSNCDQPZ/ref=sr_1_206?dib=eyJ2IjoiMSJ9.tw3Rt6ks6fjLiSpqiJgAK-zByldWeii3Om-7zxDShOomuEBGnw45eWkWvCAJBOBKuZTN46Sb53Nq5k-WU2Y9f4viC8YcaTKBeV5yBHgULY4p4H3yEsm8Y73vo5OZFBsMYkV5L1NxOtKYR5eBiR5bP8xY1xRa51ci5emV3kwmduPqiLC2lN3ZUHLMOBFcJI_Q5WK89RDTDa06DJ31xAOQIB2cjpu3tHf6M04oY3at_EF_1GHEDa5t9xg3u7qfTJI6PXmOQcSWhzXlsAABMmhRLgdJG5T3PKV0LBbEZFhfjLw.yw-F90Lew7699W-4Mhfb8y5dFFp8xRXLQx71EPmF1jY&dib_tag=se&keywords=clutches&qid=1747736306&sr=8-206,https://m.media-amazon.com/images/I/61l+1m3UGnL._AC_UL320_.jpg,₹769,"₹2,499"
TOOBA,https://www.amazon.in/TOOBA-gold-sequence-leaves-6x6/dp/B0796XDXJM/ref=sr_1_207?dib=eyJ2IjoiMSJ9.tw3Rt6ks6fjLiSpqiJgAK-zByldWeii3Om-7zxDShOomuEBGnw45eWkWvCAJBOBKuZTN46Sb53Nq5k-WU2Y9f4viC8YcaTKBeV5yBHgULY4p4H3yEsm8Y73vo5OZFBsMYkV5L1NxOtKYR5eBiR5bP8xY1xRa51ci5emV3kwmduPqiLC2lN3ZUHLMOBFcJI_Q5WK89RDTDa06DJ31xAOQIB2cjpu3tHf6M04oY3at_EF_1GHEDa5t9xg3u7qfTJI6PXmOQcSWhzXlsAABMmhRLgdJG5T3PKV0LBbEZFhfjLw.yw-F90Lew7699W-4Mhfb8y5dFFp8xRXLQx71EPmF1jY&dib_tag=se&keywords=clutches&qid=1747736306&sr=8-207,https://m.media-amazon.com/images/I/B1-jeMvyCeS._AC_UL320_.jpg,₹770,"₹3,498"
Toobacraft,https://www.amazon.in/TOOBA-Handicraft-Embroidered-Wedding-Glittering/dp/B0843PNYJX/ref=sr_1_208?dib=eyJ2IjoiMSJ9.tw3Rt6ks6fjLiSpqiJgAK-zByldWeii3Om-7zxDShOomuEBGnw45eWkWvCAJBOBKuZTN46Sb53Nq5k-WU2Y9f4viC8YcaTKBeV5yBHgULY4p4H3yEsm8Y73vo5OZFBsMYkV5L1NxOtKYR5eBiR5bP8xY1xRa51ci5emV3kwmduPqiLC2lN3ZUHLMOBFcJI_Q5WK89RDTDa06DJ31xAOQIB2cjpu3tHf6M04oY3at_EF_1GHEDa5t9xg3u7qfTJI6PXmOQcSWhzXlsAABMmhRLgdJG5T3PKV0LBbEZFhfjLw.yw-F90Lew7699W-4Mhfb8y5dFFp8xRXLQx71EPmF1jY&dib_tag=se&keywords=clutches&qid=1747736306&sr=8-208,https://m.media-amazon.com/images/I/91UPv-9PUHL._AC_UL320_.jpg,₹444,"₹4,999"
EXOTIC,https://www.amazon.in/EXOTIC-starelipse-Bridal-clutch-Gold/dp/B0C994NP1C/ref=sr_1_209?dib=eyJ2IjoiMSJ9.tw3Rt6ks6fjLiSpqiJgAK-zByldWeii3Om-7zxDShOomuEBGnw45eWkWvCAJBOBKuZTN46Sb53Nq5k-WU2Y9f4viC8YcaTKBeV5yBHgULY4p4H3yEsm8Y73vo5OZFBsMYkV5L1NxOtKYR5eBiR5bP8xY1xRa51ci5emV3kwmduPqiLC2lN3ZUHLMOBFcJI_Q5WK89RDTDa06DJ31xAOQIB2cjpu3tHf6M04oY3at_EF_1GHEDa5t9xg3u7qfTJI6PXmOQcSWhzXlsAABMmhRLgdJG5T3PKV0LBbEZFhfjLw.yw-F90Lew7699W-4Mhfb8y5dFFp8xRXLQx71EPmF1jY&dib_tag=se&keywords=clutches&qid=1747736306&sr=8-209,https://m.media-amazon.com/images/I/91Bw4KuVQbL._AC_UL320_.jpg,₹854,"₹2,699"
TOOBA,https://www.amazon.in/TOOBA-Handicraft-Embroidered-Clutch-Wedding/dp/B06XKGV4QX/ref=sr_1_210?dib=eyJ2IjoiMSJ9.tw3Rt6ks6fjLiSpqiJgAK-zByldWeii3Om-7zxDShOomuEBGnw45eWkWvCAJBOBKuZTN46Sb53Nq5k-WU2Y9f4viC8YcaTKBeV5yBHgULY4p4H3yEsm8Y73vo5OZFBsMYkV5L1NxOtKYR5eBiR5bP8xY1xRa51ci5emV3kwmduPqiLC2lN3ZUHLMOBFcJI_Q5WK89RDTDa06DJ31xAOQIB2cjpu3tHf6M04oY3at_EF_1GHEDa5t9xg3u7qfTJI6PXmOQcSWhzXlsAABMmhRLgdJG5T3PKV0LBbEZFhfjLw.yw-F90Lew7699W-4Mhfb8y5dFFp8xRXLQx71EPmF1jY&dib_tag=se&keywords=clutches&qid=1747736306&sr=8-210,https://m.media-amazon.com/images/I/91tCAtQ2MOL._AC_UL320_.jpg,₹798,"₹4,999"
Lavie,https://www.amazon.in/Lavie-Womens-Zally-Vertical-Wallet/dp/B0F13WB62W/ref=sr_1_211?dib=eyJ2IjoiMSJ9.tw3Rt6ks6fjLiSpqiJgAK-zByldWeii3Om-7zxDShOomuEBGnw45eWkWvCAJBOBKuZTN46Sb53Nq5k-WU2Y9f4viC8YcaTKBeV5yBHgULY4p4H3yEsm8Y73vo5OZFBsMYkV5L1NxOtKYR5eBiR5bP8xY1xRa51ci5emV3kwmduPqiLC2lN3ZUHLMOBFcJI_Q5WK89RDTDa06DJ31xAOQIB2cjpu3tHf6M04oY3at_EF_1GHEDa5t9xg3u7qfTJI6PXmOQcSWhzXlsAABMmhRLgdJG5T3PKV0LBbEZFhfjLw.yw-F90Lew7699W-4Mhfb8y5dFFp8xRXLQx71EPmF1jY&dib_tag=se&keywords=clutches&qid=1747736306&sr=8-211,https://m.media-amazon.com/images/I/71RJtSjZlHL._AC_UL320_.jpg,₹799,"₹2,999"
BHARATGAURAV - Hair Accessories,https://www.amazon.in/BHARATGAURAV-Plastic-Hair-Clutches-Clips/dp/B08PS7BTKP/ref=sr_1_212?dib=eyJ2IjoiMSJ9.tw3Rt6ks6fjLiSpqiJgAK-zByldWeii3Om-7zxDShOomuEBGnw45eWkWvCAJBOBKuZTN46Sb53Nq5k-WU2Y9f4viC8YcaTKBeV5yBHgULY4p4H3yEsm8Y73vo5OZFBsMYkV5L1NxOtKYR5eBiR5bP8xY1xRa51ci5emV3kwmduPqiLC2lN3ZUHLMOBFcJI_Q5WK89RDTDa06DJ31xAOQIB2cjpu3tHf6M04oY3at_EF_1GHEDa5t9xg3u7qfTJI6PXmOQcSWhzXlsAABMmhRLgdJG5T3PKV0LBbEZFhfjLw.yw-F90Lew7699W-4Mhfb8y5dFFp8xRXLQx71EPmF1jY&dib_tag=se&keywords=clutches&qid=1747736306&sr=8-212,https://m.media-amazon.com/images/I/61yQje595fL._AC_UL320_.jpg,₹229,₹499
New Style Handicraft,https://www.amazon.in/sspa/click?ie=UTF8&spc=MTo2Nzc0NzkyNTE4MDE5ODg6MTc0NzczNjMwNzpzcF9tdGY6MzAwMjI5NTU0NTc4NTMyOjowOjo&url=%2FNew-Style-Handicraft-Clutches-Handbags%2Fdp%2FB0CG6FLLY5%2Fref%3Dsr_1_213_sspa%3Fdib%3DeyJ2IjoiMSJ9.tw3Rt6ks6fjLiSpqiJgAK-zByldWeii3Om-7zxDShOomuEBGnw45eWkWvCAJBOBKuZTN46Sb53Nq5k-WU2Y9f4viC8YcaTKBeV5yBHgULY4p4H3yEsm8Y73vo5OZFBsMYkV5L1NxOtKYR5eBiR5bP8xY1xRa51ci5emV3kwmduPqiLC2lN3ZUHLMOBFcJI_Q5WK89RDTDa06DJ31xAOQIB2cjpu3tHf6M04oY3at_EF_1GHEDa5t9xg3u7qfTJI6PXmOQcSWhzXlsAABMmhRLgdJG5T3PKV0LBbEZFhfjLw.yw-F90Lew7699W-4Mhfb8y5dFFp8xRXLQx71EPmF1jY%26dib_tag%3Dse%26keywords%3Dclutches%26qid%3D1747736306%26sr%3D8-213-spons%26sp_csd%3Dd2lkZ2V0TmFtZT1zcF9tdGY%26psc%3D1,https://m.media-amazon.com/images/I/41uTJ0OAdcL._AC_UL320_.jpg,"₹1,097","₹1,999"
New Style Handicraft,https://www.amazon.in/sspa/click?ie=UTF8&spc=MTo2Nzc0NzkyNTE4MDE5ODg6MTc0NzczNjMwNzpzcF9tdGY6MzAwMjI5NTU0NTc3MDMyOjowOjo&url=%2FNew-Style-Handicraft-Acrylic-Removable%2Fdp%2FB0CM9LXQGT%2Fref%3Dsr_1_214_sspa%3Fdib%3DeyJ2IjoiMSJ9.tw3Rt6ks6fjLiSpqiJgAK-zByldWeii3Om-7zxDShOomuEBGnw45eWkWvCAJBOBKuZTN46Sb53Nq5k-WU2Y9f4viC8YcaTKBeV5yBHgULY4p4H3yEsm8Y73vo5OZFBsMYkV5L1NxOtKYR5eBiR5bP8xY1xRa51ci5emV3kwmduPqiLC2lN3ZUHLMOBFcJI_Q5WK89RDTDa06DJ31xAOQIB2cjpu3tHf6M04oY3at_EF_1GHEDa5t9xg3u7qfTJI6PXmOQcSWhzXlsAABMmhRLgdJG5T3PKV0LBbEZFhfjLw.yw-F90Lew7699W-4Mhfb8y5dFFp8xRXLQx71EPmF1jY%26dib_tag%3Dse%26keywords%3Dclutches%26qid%3D1747736306%26sr%3D8-214-spons%26sp_csd%3Dd2lkZ2V0TmFtZT1zcF9tdGY%26psc%3D1,https://m.media-amazon.com/images/I/612-deMv+qL._AC_UL320_.jpg,"₹1,093","₹1,299"
New Style Handicraft,https://www.amazon.in/sspa/click?ie=UTF8&spc=MTo2Nzc0NzkyNTE4MDE5ODg6MTc0NzczNjMwNzpzcF9tdGY6MzAwNTY2MjcyODc3MzMyOjowOjo&url=%2FNew-Style-Handicraft-Clutches-Crystal%2Fdp%2FB0CG6BBQ12%2Fref%3Dsr_1_215_sspa%3Fdib%3DeyJ2IjoiMSJ9.tw3Rt6ks6fjLiSpqiJgAK-zByldWeii3Om-7zxDShOomuEBGnw45eWkWvCAJBOBKuZTN46Sb53Nq5k-WU2Y9f4viC8YcaTKBeV5yBHgULY4p4H3yEsm8Y73vo5OZFBsMYkV5L1NxOtKYR5eBiR5bP8xY1xRa51ci5emV3kwmduPqiLC2lN3ZUHLMOBFcJI_Q5WK89RDTDa06DJ31xAOQIB2cjpu3tHf6M04oY3at_EF_1GHEDa5t9xg3u7qfTJI6PXmOQcSWhzXlsAABMmhRLgdJG5T3PKV0LBbEZFhfjLw.yw-F90Lew7699W-4Mhfb8y5dFFp8xRXLQx71EPmF1jY%26dib_tag%3Dse%26keywords%3Dclutches%26qid%3D1747736306%26sr%3D8-215-spons%26sp_csd%3Dd2lkZ2V0TmFtZT1zcF9tdGY%26psc%3D1,https://m.media-amazon.com/images/I/616yO8rMxlL._AC_UL320_.jpg,"₹1,143","₹2,999"
New Style Handicraft,https://www.amazon.in/sspa/click?ie=UTF8&spc=MTo2Nzc0NzkyNTE4MDE5ODg6MTc0NzczNjMwNzpzcF9tdGY6MzAwMjI5NTU0NTc4NDMyOjowOjo&url=%2FNew-Style-Handicraft-Clutches-Celebrities%2Fdp%2FB0CG6DHJ29%2Fref%3Dsr_1_216_sspa%3Fdib%3DeyJ2IjoiMSJ9.tw3Rt6ks6fjLiSpqiJgAK-zByldWeii3Om-7zxDShOomuEBGnw45eWkWvCAJBOBKuZTN46Sb53Nq5k-WU2Y9f4viC8YcaTKBeV5yBHgULY4p4H3yEsm8Y73vo5OZFBsMYkV5L1NxOtKYR5eBiR5bP8xY1xRa51ci5emV3kwmduPqiLC2lN3ZUHLMOBFcJI_Q5WK89RDTDa06DJ31xAOQIB2cjpu3tHf6M04oY3at_EF_1GHEDa5t9xg3u7qfTJI6PXmOQcSWhzXlsAABMmhRLgdJG5T3PKV0LBbEZFhfjLw.yw-F90Lew7699W-4Mhfb8y5dFFp8xRXLQx71EPmF1jY%26dib_tag%3Dse%26keywords%3Dclutches%26qid%3D1747736306%26sr%3D8-216-spons%26sp_csd%3Dd2lkZ2V0TmFtZT1zcF9tdGY%26psc%3D1,https://m.media-amazon.com/images/I/51Gi-3hdjkL._AC_UL320_.jpg,₹968.24,"₹2,200"
AILTINO,https://www.amazon.in/AILTINO-Evening-Detachable-Handbag-Handle/dp/B0F5WDDHZY/ref=sr_1_217?dib=eyJ2IjoiMSJ9.tw3Rt6ks6fjLiSpqiJgAK-zByldWeii3Om-7zxDShOomuEBGnw45eWkWvCAJBOBKuZTN46Sb53Nq5k-WU2Y9f4viC8YcaTKBeV5yBHgULY4p4H3yEsm8Y73vo5OZFBsMYkV5L1NxOtKYR5eBiR5bP8xY1xRa51ci5emV3kwmduPqiLC2lN3ZUHLMOBFcJI_Q5WK89RDTDa06DJ31xAOQIB2cjpu3tHf6M04oY3at_EF_1GHEDa5t9xg3u7qfTJI6PXmOQcSWhzXlsAABMmhRLgdJG5T3PKV0LBbEZFhfjLw.yw-F90Lew7699W-4Mhfb8y5dFFp8xRXLQx71EPmF1jY&dib_tag=se&keywords=clutches&qid=1747736306&sr=8-217,https://m.media-amazon.com/images/I/81+6ZCXDEML._AC_UL320_.jpg,₹299,"₹1,999"
TOOBA,https://www.amazon.in/TOOBA-Womens-Beautiful-Flower-Detachable/dp/B084G3L2M1/ref=sr_1_218?dib=eyJ2IjoiMSJ9.tw3Rt6ks6fjLiSpqiJgAK-zByldWeii3Om-7zxDShOomuEBGnw45eWkWvCAJBOBKuZTN46Sb53Nq5k-WU2Y9f4viC8YcaTKBeV5yBHgULY4p4H3yEsm8Y73vo5OZFBsMYkV5L1NxOtKYR5eBiR5bP8xY1xRa51ci5emV3kwmduPqiLC2lN3ZUHLMOBFcJI_Q5WK89RDTDa06DJ31xAOQIB2cjpu3tHf6M04oY3at_EF_1GHEDa5t9xg3u7qfTJI6PXmOQcSWhzXlsAABMmhRLgdJG5T3PKV0LBbEZFhfjLw.yw-F90Lew7699W-4Mhfb8y5dFFp8xRXLQx71EPmF1jY&dib_tag=se&keywords=clutches&qid=1747736306&sr=8-218,https://m.media-amazon.com/images/I/51cHuDTXTWL._AC_UL320_.jpg,₹565,"₹4,999"
TOOBA,https://www.amazon.in/TOOBA-Curve-metal-flower-Flower/dp/B07TY41LNM/ref=sr_1_219?dib=eyJ2IjoiMSJ9.tw3Rt6ks6fjLiSpqiJgAK-zByldWeii3Om-7zxDShOomuEBGnw45eWkWvCAJBOBKuZTN46Sb53Nq5k-WU2Y9f4viC8YcaTKBeV5yBHgULY4p4H3yEsm8Y73vo5OZFBsMYkV5L1NxOtKYR5eBiR5bP8xY1xRa51ci5emV3kwmduPqiLC2lN3ZUHLMOBFcJI_Q5WK89RDTDa06DJ31xAOQIB2cjpu3tHf6M04oY3at_EF_1GHEDa5t9xg3u7qfTJI6PXmOQcSWhzXlsAABMmhRLgdJG5T3PKV0LBbEZFhfjLw.yw-F90Lew7699W-4Mhfb8y5dFFp8xRXLQx71EPmF1jY&dib_tag=se&keywords=clutches&qid=1747736306&sr=8-219,https://m.media-amazon.com/images/I/91dZcg7PKnS._AC_UL320_.jpg,₹740,"₹4,999"
Generic,https://www.amazon.in/womens-maroon-clutch-POCKET-INSIDE/dp/B0BNNGMY1H/ref=sr_1_220?dib=eyJ2IjoiMSJ9.tw3Rt6ks6fjLiSpqiJgAK-zByldWeii3Om-7zxDShOomuEBGnw45eWkWvCAJBOBKuZTN46Sb53Nq5k-WU2Y9f4viC8YcaTKBeV5yBHgULY4p4H3yEsm8Y73vo5OZFBsMYkV5L1NxOtKYR5eBiR5bP8xY1xRa51ci5emV3kwmduPqiLC2lN3ZUHLMOBFcJI_Q5WK89RDTDa06DJ31xAOQIB2cjpu3tHf6M04oY3at_EF_1GHEDa5t9xg3u7qfTJI6PXmOQcSWhzXlsAABMmhRLgdJG5T3PKV0LBbEZFhfjLw.yw-F90Lew7699W-4Mhfb8y5dFFp8xRXLQx71EPmF1jY&dib_tag=se&keywords=clutches&qid=1747736306&sr=8-220,https://m.media-amazon.com/images/I/51h-1GO+NzL._AC_UL320_.jpg,₹199,₹799
generic,https://www.amazon.in/Umera-Clutch-Wristlet-Golden-women/dp/B08VH7F4LF/ref=sr_1_221?dib=eyJ2IjoiMSJ9.tw3Rt6ks6fjLiSpqiJgAK-zByldWeii3Om-7zxDShOomuEBGnw45eWkWvCAJBOBKuZTN46Sb53Nq5k-WU2Y9f4viC8YcaTKBeV5yBHgULY4p4H3yEsm8Y73vo5OZFBsMYkV5L1NxOtKYR5eBiR5bP8xY1xRa51ci5emV3kwmduPqiLC2lN3ZUHLMOBFcJI_Q5WK89RDTDa06DJ31xAOQIB2cjpu3tHf6M04oY3at_EF_1GHEDa5t9xg3u7qfTJI6PXmOQcSWhzXlsAABMmhRLgdJG5T3PKV0LBbEZFhfjLw.yw-F90Lew7699W-4Mhfb8y5dFFp8xRXLQx71EPmF1jY&dib_tag=se&keywords=clutches&qid=1747736306&sr=8-221,https://m.media-amazon.com/images/I/81NkzBX5qxL._AC_UL320_.jpg,₹651,"₹1,999"
INOVERA (LABEL),https://www.amazon.in/INOVERA-LABEL-Floral-Evening-Wedding/dp/B08N12JCZT/ref=sr_1_222?dib=eyJ2IjoiMSJ9.tw3Rt6ks6fjLiSpqiJgAK-zByldWeii3Om-7zxDShOomuEBGnw45eWkWvCAJBOBKuZTN46Sb53Nq5k-WU2Y9f4viC8YcaTKBeV5yBHgULY4p4H3yEsm8Y73vo5OZFBsMYkV5L1NxOtKYR5eBiR5bP8xY1xRa51ci5emV3kwmduPqiLC2lN3ZUHLMOBFcJI_Q5WK89RDTDa06DJ31xAOQIB2cjpu3tHf6M04oY3at_EF_1GHEDa5t9xg3u7qfTJI6PXmOQcSWhzXlsAABMmhRLgdJG5T3PKV0LBbEZFhfjLw.yw-F90Lew7699W-4Mhfb8y5dFFp8xRXLQx71EPmF1jY&dib_tag=se&keywords=clutches&qid=1747736306&sr=8-222,https://m.media-amazon.com/images/I/71grS3E9TgL._AC_UL320_.jpg,₹899,"₹1,799"
ALSU,https://www.amazon.in/ALSU-Womens-Wallet-Closure-ldu-012pch/dp/B09DG8W7S4/ref=sr_1_223?dib=eyJ2IjoiMSJ9.tw3Rt6ks6fjLiSpqiJgAK-zByldWeii3Om-7zxDShOomuEBGnw45eWkWvCAJBOBKuZTN46Sb53Nq5k-WU2Y9f4viC8YcaTKBeV5yBHgULY4p4H3yEsm8Y73vo5OZFBsMYkV5L1NxOtKYR5eBiR5bP8xY1xRa51ci5emV3kwmduPqiLC2lN3ZUHLMOBFcJI_Q5WK89RDTDa06DJ31xAOQIB2cjpu3tHf6M04oY3at_EF_1GHEDa5t9xg3u7qfTJI6PXmOQcSWhzXlsAABMmhRLgdJG5T3PKV0LBbEZFhfjLw.yw-F90Lew7699W-4Mhfb8y5dFFp8xRXLQx71EPmF1jY&dib_tag=se&keywords=clutches&qid=1747736306&sr=8-223,https://m.media-amazon.com/images/I/61SOMu46xrL._AC_UL320_.jpg,₹342,"₹1,499"
TOOBA,https://www.amazon.in/Tooba-Womens-Handicraft-Embroidered-Clutch/dp/B07Q765KMW/ref=sr_1_224?dib=eyJ2IjoiMSJ9.tw3Rt6ks6fjLiSpqiJgAK-zByldWeii3Om-7zxDShOomuEBGnw45eWkWvCAJBOBKuZTN46Sb53Nq5k-WU2Y9f4viC8YcaTKBeV5yBHgULY4p4H3yEsm8Y73vo5OZFBsMYkV5L1NxOtKYR5eBiR5bP8xY1xRa51ci5emV3kwmduPqiLC2lN3ZUHLMOBFcJI_Q5WK89RDTDa06DJ31xAOQIB2cjpu3tHf6M04oY3at_EF_1GHEDa5t9xg3u7qfTJI6PXmOQcSWhzXlsAABMmhRLgdJG5T3PKV0LBbEZFhfjLw.yw-F90Lew7699W-4Mhfb8y5dFFp8xRXLQx71EPmF1jY&dib_tag=se&keywords=clutches&qid=1747736306&sr=8-224,https://m.media-amazon.com/images/I/81y-hiUtfeL._AC_UL320_.jpg,₹841,"₹4,999"
Kuber Industries,https://www.amazon.in/Kuber-Industries-Unisexs-Utility-Red/dp/B0B45YTPN1/ref=sr_1_225?dib=eyJ2IjoiMSJ9.tw3Rt6ks6fjLiSpqiJgAK-zByldWeii3Om-7zxDShOomuEBGnw45eWkWvCAJBOBKuZTN46Sb53Nq5k-WU2Y9f4viC8YcaTKBeV5yBHgULY4p4H3yEsm8Y73vo5OZFBsMYkV5L1NxOtKYR5eBiR5bP8xY1xRa51ci5emV3kwmduPqiLC2lN3ZUHLMOBFcJI_Q5WK89RDTDa06DJ31xAOQIB2cjpu3tHf6M04oY3at_EF_1GHEDa5t9xg3u7qfTJI6PXmOQcSWhzXlsAABMmhRLgdJG5T3PKV0LBbEZFhfjLw.yw-F90Lew7699W-4Mhfb8y5dFFp8xRXLQx71EPmF1jY&dib_tag=se&keywords=clutches&qid=1747736306&sr=8-225,https://m.media-amazon.com/images/I/81vUs11Uh2L._AC_UL320_.jpg,₹169,₹84.50
THE UDESIGNS,https://www.amazon.in/UDESIGNS-Clutch-Bags-Women-Girls/dp/B0F18RSYSK/ref=sr_1_226?dib=eyJ2IjoiMSJ9.tw3Rt6ks6fjLiSpqiJgAK-zByldWeii3Om-7zxDShOomuEBGnw45eWkWvCAJBOBKuZTN46Sb53Nq5k-WU2Y9f4viC8YcaTKBeV5yBHgULY4p4H3yEsm8Y73vo5OZFBsMYkV5L1NxOtKYR5eBiR5bP8xY1xRa51ci5emV3kwmduPqiLC2lN3ZUHLMOBFcJI_Q5WK89RDTDa06DJ31xAOQIB2cjpu3tHf6M04oY3at_EF_1GHEDa5t9xg3u7qfTJI6PXmOQcSWhzXlsAABMmhRLgdJG5T3PKV0LBbEZFhfjLw.yw-F90Lew7699W-4Mhfb8y5dFFp8xRXLQx71EPmF1jY&dib_tag=se&keywords=clutches&qid=1747736306&sr=8-226,https://m.media-amazon.com/images/I/71CVShFg-HL._AC_UL320_.jpg,₹749,"₹3,500"
Metro,https://www.amazon.in/Metro-Beige-Women-Clutch-38-8366/dp/B0BS6XJG3P/ref=sr_1_227?dib=eyJ2IjoiMSJ9.tw3Rt6ks6fjLiSpqiJgAK-zByldWeii3Om-7zxDShOomuEBGnw45eWkWvCAJBOBKuZTN46Sb53Nq5k-WU2Y9f4viC8YcaTKBeV5yBHgULY4p4H3yEsm8Y73vo5OZFBsMYkV5L1NxOtKYR5eBiR5bP8xY1xRa51ci5emV3kwmduPqiLC2lN3ZUHLMOBFcJI_Q5WK89RDTDa06DJ31xAOQIB2cjpu3tHf6M04oY3at_EF_1GHEDa5t9xg3u7qfTJI6PXmOQcSWhzXlsAABMmhRLgdJG5T3PKV0LBbEZFhfjLw.yw-F90Lew7699W-4Mhfb8y5dFFp8xRXLQx71EPmF1jY&dib_tag=se&keywords=clutches&qid=1747736306&sr=8-227,https://m.media-amazon.com/images/I/71MQ98Q-D4L._AC_UL320_.jpg,"₹1,374","₹2,290"
TOOBA,https://www.amazon.in/TOOBA-Girls-Clutch-Handbag-Red/dp/B079DQ89WT/ref=sr_1_228?dib=eyJ2IjoiMSJ9.tw3Rt6ks6fjLiSpqiJgAK-zByldWeii3Om-7zxDShOomuEBGnw45eWkWvCAJBOBKuZTN46Sb53Nq5k-WU2Y9f4viC8YcaTKBeV5yBHgULY4p4H3yEsm8Y73vo5OZFBsMYkV5L1NxOtKYR5eBiR5bP8xY1xRa51ci5emV3kwmduPqiLC2lN3ZUHLMOBFcJI_Q5WK89RDTDa06DJ31xAOQIB2cjpu3tHf6M04oY3at_EF_1GHEDa5t9xg3u7qfTJI6PXmOQcSWhzXlsAABMmhRLgdJG5T3PKV0LBbEZFhfjLw.yw-F90Lew7699W-4Mhfb8y5dFFp8xRXLQx71EPmF1jY&dib_tag=se&keywords=clutches&qid=1747736306&sr=8-228,https://m.media-amazon.com/images/I/91FgxjjqXfL._AC_UL320_.jpg,₹785,"₹3,498"
For The Beautiful You,https://www.amazon.in/Beautiful-You-Green-Womens-Clutch/dp/B0DBGP6T86/ref=sr_1_229?dib=eyJ2IjoiMSJ9.tw3Rt6ks6fjLiSpqiJgAK-zByldWeii3Om-7zxDShOomuEBGnw45eWkWvCAJBOBKuZTN46Sb53Nq5k-WU2Y9f4viC8YcaTKBeV5yBHgULY4p4H3yEsm8Y73vo5OZFBsMYkV5L1NxOtKYR5eBiR5bP8xY1xRa51ci5emV3kwmduPqiLC2lN3ZUHLMOBFcJI_Q5WK89RDTDa06DJ31xAOQIB2cjpu3tHf6M04oY3at_EF_1GHEDa5t9xg3u7qfTJI6PXmOQcSWhzXlsAABMmhRLgdJG5T3PKV0LBbEZFhfjLw.yw-F90Lew7699W-4Mhfb8y5dFFp8xRXLQx71EPmF1jY&dib_tag=se&keywords=clutches&qid=1747736306&sr=8-229,https://m.media-amazon.com/images/I/813DSiHgCHL._AC_UL320_.jpg,₹689,"₹1,599"
Trend Overseas,https://www.amazon.in/Trend-Overseas-Womens-Clutch-Handle_Clutch/dp/B09V1P8Y58/ref=sr_1_230?dib=eyJ2IjoiMSJ9.tw3Rt6ks6fjLiSpqiJgAK-zByldWeii3Om-7zxDShOomuEBGnw45eWkWvCAJBOBKuZTN46Sb53Nq5k-WU2Y9f4viC8YcaTKBeV5yBHgULY4p4H3yEsm8Y73vo5OZFBsMYkV5L1NxOtKYR5eBiR5bP8xY1xRa51ci5emV3kwmduPqiLC2lN3ZUHLMOBFcJI_Q5WK89RDTDa06DJ31xAOQIB2cjpu3tHf6M04oY3at_EF_1GHEDa5t9xg3u7qfTJI6PXmOQcSWhzXlsAABMmhRLgdJG5T3PKV0LBbEZFhfjLw.yw-F90Lew7699W-4Mhfb8y5dFFp8xRXLQx71EPmF1jY&dib_tag=se&keywords=clutches&qid=1747736306&sr=8-230,https://m.media-amazon.com/images/I/71mK0JTyLCL._AC_UL320_.jpg,"₹1,999","₹3,990"
DUCHESS,https://www.amazon.in/DUCHESS-Womens-Clutch-Wedding-Handle/dp/B0C3DF7646/ref=sr_1_231?dib=eyJ2IjoiMSJ9.tw3Rt6ks6fjLiSpqiJgAK-zByldWeii3Om-7zxDShOomuEBGnw45eWkWvCAJBOBKuZTN46Sb53Nq5k-WU2Y9f4viC8YcaTKBeV5yBHgULY4p4H3yEsm8Y73vo5OZFBsMYkV5L1NxOtKYR5eBiR5bP8xY1xRa51ci5emV3kwmduPqiLC2lN3ZUHLMOBFcJI_Q5WK89RDTDa06DJ31xAOQIB2cjpu3tHf6M04oY3at_EF_1GHEDa5t9xg3u7qfTJI6PXmOQcSWhzXlsAABMmhRLgdJG5T3PKV0LBbEZFhfjLw.yw-F90Lew7699W-4Mhfb8y5dFFp8xRXLQx71EPmF1jY&dib_tag=se&keywords=clutches&qid=1747736306&sr=8-231,https://m.media-amazon.com/images/I/91EFv9OcPRL._AC_UL320_.jpg,₹779,"₹2,499"
INOVERA (LABEL),https://www.amazon.in/INOVERA-LABEL-Glitter-Rhinestone-Evening/dp/B08N18JQYH/ref=sr_1_232?dib=eyJ2IjoiMSJ9.tw3Rt6ks6fjLiSpqiJgAK-zByldWeii3Om-7zxDShOomuEBGnw45eWkWvCAJBOBKuZTN46Sb53Nq5k-WU2Y9f4viC8YcaTKBeV5yBHgULY4p4H3yEsm8Y73vo5OZFBsMYkV5L1NxOtKYR5eBiR5bP8xY1xRa51ci5emV3kwmduPqiLC2lN3ZUHLMOBFcJI_Q5WK89RDTDa06DJ31xAOQIB2cjpu3tHf6M04oY3at_EF_1GHEDa5t9xg3u7qfTJI6PXmOQcSWhzXlsAABMmhRLgdJG5T3PKV0LBbEZFhfjLw.yw-F90Lew7699W-4Mhfb8y5dFFp8xRXLQx71EPmF1jY&dib_tag=se&keywords=clutches&qid=1747736306&sr=8-232,https://m.media-amazon.com/images/I/81e9YeuSuTL._AC_UL320_.jpg,₹899,"₹1,799"
AILTINO,https://www.amazon.in/AILTINO-womens-Handicraft-Beautiful-Clutch/dp/B0B3BX1Q69/ref=sr_1_233?dib=eyJ2IjoiMSJ9.tw3Rt6ks6fjLiSpqiJgAK-zByldWeii3Om-7zxDShOomuEBGnw45eWkWvCAJBOBKuZTN46Sb53Nq5k-WU2Y9f4viC8YcaTKBeV5yBHgULY4p4H3yEsm8Y73vo5OZFBsMYkV5L1NxOtKYR5eBiR5bP8xY1xRa51ci5emV3kwmduPqiLC2lN3ZUHLMOBFcJI_Q5WK89RDTDa06DJ31xAOQIB2cjpu3tHf6M04oY3at_EF_1GHEDa5t9xg3u7qfTJI6PXmOQcSWhzXlsAABMmhRLgdJG5T3PKV0LBbEZFhfjLw.yw-F90Lew7699W-4Mhfb8y5dFFp8xRXLQx71EPmF1jY&dib_tag=se&keywords=clutches&qid=1747736306&sr=8-233,https://m.media-amazon.com/images/I/910z1NvgOhL._AC_UL320_.jpg,₹299,"₹1,999"
TOOBA,https://www.amazon.in/Tooba-Womens-Clutch-White-Sequence/dp/B07PMXT2HW/ref=sr_1_234?dib=eyJ2IjoiMSJ9.tw3Rt6ks6fjLiSpqiJgAK-zByldWeii3Om-7zxDShOomuEBGnw45eWkWvCAJBOBKuZTN46Sb53Nq5k-WU2Y9f4viC8YcaTKBeV5yBHgULY4p4H3yEsm8Y73vo5OZFBsMYkV5L1NxOtKYR5eBiR5bP8xY1xRa51ci5emV3kwmduPqiLC2lN3ZUHLMOBFcJI_Q5WK89RDTDa06DJ31xAOQIB2cjpu3tHf6M04oY3at_EF_1GHEDa5t9xg3u7qfTJI6PXmOQcSWhzXlsAABMmhRLgdJG5T3PKV0LBbEZFhfjLw.yw-F90Lew7699W-4Mhfb8y5dFFp8xRXLQx71EPmF1jY&dib_tag=se&keywords=clutches&qid=1747736306&sr=8-234,https://m.media-amazon.com/images/I/617k4O0VWrL._AC_UL320_.jpg,₹423,"₹4,999"
Estele,https://www.amazon.in/Estele-Multicolor-Plastic-Clutches-Womens/dp/B0B51YKB1M/ref=sr_1_235?dib=eyJ2IjoiMSJ9.tw3Rt6ks6fjLiSpqiJgAK-zByldWeii3Om-7zxDShOomuEBGnw45eWkWvCAJBOBKuZTN46Sb53Nq5k-WU2Y9f4viC8YcaTKBeV5yBHgULY4p4H3yEsm8Y73vo5OZFBsMYkV5L1NxOtKYR5eBiR5bP8xY1xRa51ci5emV3kwmduPqiLC2lN3ZUHLMOBFcJI_Q5WK89RDTDa06DJ31xAOQIB2cjpu3tHf6M04oY3at_EF_1GHEDa5t9xg3u7qfTJI6PXmOQcSWhzXlsAABMmhRLgdJG5T3PKV0LBbEZFhfjLw.yw-F90Lew7699W-4Mhfb8y5dFFp8xRXLQx71EPmF1jY&dib_tag=se&keywords=clutches&qid=1747736306&sr=8-235,https://m.media-amazon.com/images/I/61-tRJdlrnL._AC_UL320_.jpg,₹129,₹249
ZOUK,https://www.amazon.in/ZOUK-Charminar-Printed-Womens-Mashru/dp/B0BSNDQSM6/ref=sr_1_236?dib=eyJ2IjoiMSJ9.tw3Rt6ks6fjLiSpqiJgAK-zByldWeii3Om-7zxDShOomuEBGnw45eWkWvCAJBOBKuZTN46Sb53Nq5k-WU2Y9f4viC8YcaTKBeV5yBHgULY4p4H3yEsm8Y73vo5OZFBsMYkV5L1NxOtKYR5eBiR5bP8xY1xRa51ci5emV3kwmduPqiLC2lN3ZUHLMOBFcJI_Q5WK89RDTDa06DJ31xAOQIB2cjpu3tHf6M04oY3at_EF_1GHEDa5t9xg3u7qfTJI6PXmOQcSWhzXlsAABMmhRLgdJG5T3PKV0LBbEZFhfjLw.yw-F90Lew7699W-4Mhfb8y5dFFp8xRXLQx71EPmF1jY&dib_tag=se&keywords=clutches&qid=1747736306&sr=8-236,https://m.media-amazon.com/images/I/61t9Fw3ONbL._AC_UL320_.jpg,₹791,"₹2,499"
Rhenew,https://www.amazon.in/Rhenew-Party-Clutch-Bag-Gold/dp/B0CG3J9WMK/ref=sr_1_237?dib=eyJ2IjoiMSJ9.tw3Rt6ks6fjLiSpqiJgAK-zByldWeii3Om-7zxDShOomuEBGnw45eWkWvCAJBOBKuZTN46Sb53Nq5k-WU2Y9f4viC8YcaTKBeV5yBHgULY4p4H3yEsm8Y73vo5OZFBsMYkV5L1NxOtKYR5eBiR5bP8xY1xRa51ci5emV3kwmduPqiLC2lN3ZUHLMOBFcJI_Q5WK89RDTDa06DJ31xAOQIB2cjpu3tHf6M04oY3at_EF_1GHEDa5t9xg3u7qfTJI6PXmOQcSWhzXlsAABMmhRLgdJG5T3PKV0LBbEZFhfjLw.yw-F90Lew7699W-4Mhfb8y5dFFp8xRXLQx71EPmF1jY&dib_tag=se&keywords=clutches&qid=1747736306&sr=8-237,https://m.media-amazon.com/images/I/61vnR4NCn7L._AC_UL320_.jpg,₹799,"₹2,000"
BIH,https://www.amazon.in/BIH-Acrylic-Clutches-Celebrity-Multicolor/dp/B0CFH9YRG8/ref=sr_1_238?dib=eyJ2IjoiMSJ9.tw3Rt6ks6fjLiSpqiJgAK-zByldWeii3Om-7zxDShOomuEBGnw45eWkWvCAJBOBKuZTN46Sb53Nq5k-WU2Y9f4viC8YcaTKBeV5yBHgULY4p4H3yEsm8Y73vo5OZFBsMYkV5L1NxOtKYR5eBiR5bP8xY1xRa51ci5emV3kwmduPqiLC2lN3ZUHLMOBFcJI_Q5WK89RDTDa06DJ31xAOQIB2cjpu3tHf6M04oY3at_EF_1GHEDa5t9xg3u7qfTJI6PXmOQcSWhzXlsAABMmhRLgdJG5T3PKV0LBbEZFhfjLw.yw-F90Lew7699W-4Mhfb8y5dFFp8xRXLQx71EPmF1jY&dib_tag=se&keywords=clutches&qid=1747736306&sr=8-238,https://m.media-amazon.com/images/I/51edfb4EW3L._AC_UL320_.jpg,₹999,"₹1,999"
For The Beautiful You,https://www.amazon.in/Beautiful-You-Womens-Clutch-222/dp/B0CR7S3QY9/ref=sr_1_239?dib=eyJ2IjoiMSJ9.tw3Rt6ks6fjLiSpqiJgAK-zByldWeii3Om-7zxDShOomuEBGnw45eWkWvCAJBOBKuZTN46Sb53Nq5k-WU2Y9f4viC8YcaTKBeV5yBHgULY4p4H3yEsm8Y73vo5OZFBsMYkV5L1NxOtKYR5eBiR5bP8xY1xRa51ci5emV3kwmduPqiLC2lN3ZUHLMOBFcJI_Q5WK89RDTDa06DJ31xAOQIB2cjpu3tHf6M04oY3at_EF_1GHEDa5t9xg3u7qfTJI6PXmOQcSWhzXlsAABMmhRLgdJG5T3PKV0LBbEZFhfjLw.yw-F90Lew7699W-4Mhfb8y5dFFp8xRXLQx71EPmF1jY&dib_tag=se&keywords=clutches&qid=1747736306&sr=8-239,https://m.media-amazon.com/images/I/91U5g77TJEL._AC_UL320_.jpg,₹777,"₹1,699"
TOOBA,https://www.amazon.in/Tooba-Handicraft-Beautiful-Wedding-Embroidered/dp/B07V9W3X6K/ref=sr_1_240?dib=eyJ2IjoiMSJ9.tw3Rt6ks6fjLiSpqiJgAK-zByldWeii3Om-7zxDShOomuEBGnw45eWkWvCAJBOBKuZTN46Sb53Nq5k-WU2Y9f4viC8YcaTKBeV5yBHgULY4p4H3yEsm8Y73vo5OZFBsMYkV5L1NxOtKYR5eBiR5bP8xY1xRa51ci5emV3kwmduPqiLC2lN3ZUHLMOBFcJI_Q5WK89RDTDa06DJ31xAOQIB2cjpu3tHf6M04oY3at_EF_1GHEDa5t9xg3u7qfTJI6PXmOQcSWhzXlsAABMmhRLgdJG5T3PKV0LBbEZFhfjLw.yw-F90Lew7699W-4Mhfb8y5dFFp8xRXLQx71EPmF1jY&dib_tag=se&keywords=clutches&qid=1747736306&sr=8-240,https://m.media-amazon.com/images/I/91LomH6urSS._AC_UL320_.jpg,₹381,"₹4,999"
AKADO,https://www.amazon.in/Premium-Golden-Silicone-Earring-Stopper/dp/B0CTCQNW63/ref=sr_1_241?dib=eyJ2IjoiMSJ9.tw3Rt6ks6fjLiSpqiJgAK-zByldWeii3Om-7zxDShOomuEBGnw45eWkWvCAJBOBKuZTN46Sb53Nq5k-WU2Y9f4viC8YcaTKBeV5yBHgULY4p4H3yEsm8Y73vo5OZFBsMYkV5L1NxOtKYR5eBiR5bP8xY1xRa51ci5emV3kwmduPqiLC2lN3ZUHLMOBFcJI_Q5WK89RDTDa06DJ31xAOQIB2cjpu3tHf6M04oY3at_EF_1GHEDa5t9xg3u7qfTJI6PXmOQcSWhzXlsAABMmhRLgdJG5T3PKV0LBbEZFhfjLw.yw-F90Lew7699W-4Mhfb8y5dFFp8xRXLQx71EPmF1jY&dib_tag=se&keywords=clutches&qid=1747736306&sr=8-241,https://m.media-amazon.com/images/I/71oC4IoOVpL._AC_UL320_.jpg,₹199,₹3.98
Fastrack,https://www.amazon.in/Fastrack-Clutch-Womens-Detachable-Leather/dp/B0D9BJX1M8/ref=sr_1_242?dib=eyJ2IjoiMSJ9.tw3Rt6ks6fjLiSpqiJgAK-zByldWeii3Om-7zxDShOomuEBGnw45eWkWvCAJBOBKuZTN46Sb53Nq5k-WU2Y9f4viC8YcaTKBeV5yBHgULY4p4H3yEsm8Y73vo5OZFBsMYkV5L1NxOtKYR5eBiR5bP8xY1xRa51ci5emV3kwmduPqiLC2lN3ZUHLMOBFcJI_Q5WK89RDTDa06DJ31xAOQIB2cjpu3tHf6M04oY3at_EF_1GHEDa5t9xg3u7qfTJI6PXmOQcSWhzXlsAABMmhRLgdJG5T3PKV0LBbEZFhfjLw.yw-F90Lew7699W-4Mhfb8y5dFFp8xRXLQx71EPmF1jY&dib_tag=se&keywords=clutches&qid=1747736306&sr=8-242,https://m.media-amazon.com/images/I/51xUcaVAB0L._AC_UL320_.jpg,"₹1,291","₹1,899"
AILTINO,https://www.amazon.in/AILTINO-Womens-Box-Clutch-Peach/dp/B08KQG4MG8/ref=sr_1_243?dib=eyJ2IjoiMSJ9.tw3Rt6ks6fjLiSpqiJgAK-zByldWeii3Om-7zxDShOomuEBGnw45eWkWvCAJBOBKuZTN46Sb53Nq5k-WU2Y9f4viC8YcaTKBeV5yBHgULY4p4H3yEsm8Y73vo5OZFBsMYkV5L1NxOtKYR5eBiR5bP8xY1xRa51ci5emV3kwmduPqiLC2lN3ZUHLMOBFcJI_Q5WK89RDTDa06DJ31xAOQIB2cjpu3tHf6M04oY3at_EF_1GHEDa5t9xg3u7qfTJI6PXmOQcSWhzXlsAABMmhRLgdJG5T3PKV0LBbEZFhfjLw.yw-F90Lew7699W-4Mhfb8y5dFFp8xRXLQx71EPmF1jY&dib_tag=se&keywords=clutches&qid=1747736306&sr=8-243,https://m.media-amazon.com/images/I/91EY574w-SL._AC_UL320_.jpg,₹299,"₹1,999"
Valerie,https://www.amazon.in/Valerie-Handbags-Sparkling-Crossbody-Rhinestone/dp/B0D37VH6LC/ref=sr_1_244?dib=eyJ2IjoiMSJ9.tw3Rt6ks6fjLiSpqiJgAK-zByldWeii3Om-7zxDShOomuEBGnw45eWkWvCAJBOBKuZTN46Sb53Nq5k-WU2Y9f4viC8YcaTKBeV5yBHgULY4p4H3yEsm8Y73vo5OZFBsMYkV5L1NxOtKYR5eBiR5bP8xY1xRa51ci5emV3kwmduPqiLC2lN3ZUHLMOBFcJI_Q5WK89RDTDa06DJ31xAOQIB2cjpu3tHf6M04oY3at_EF_1GHEDa5t9xg3u7qfTJI6PXmOQcSWhzXlsAABMmhRLgdJG5T3PKV0LBbEZFhfjLw.yw-F90Lew7699W-4Mhfb8y5dFFp8xRXLQx71EPmF1jY&dib_tag=se&keywords=clutches&qid=1747736306&sr=8-244,https://m.media-amazon.com/images/I/517BW0JF6KL._AC_UL320_.jpg,₹499,₹999
Lavie,https://www.amazon.in/Lavie-Womens-Fold-Over-Clutch/dp/B09GGD4BKM/ref=sr_1_245?dib=eyJ2IjoiMSJ9.tw3Rt6ks6fjLiSpqiJgAK-zByldWeii3Om-7zxDShOomuEBGnw45eWkWvCAJBOBKuZTN46Sb53Nq5k-WU2Y9f4viC8YcaTKBeV5yBHgULY4p4H3yEsm8Y73vo5OZFBsMYkV5L1NxOtKYR5eBiR5bP8xY1xRa51ci5emV3kwmduPqiLC2lN3ZUHLMOBFcJI_Q5WK89RDTDa06DJ31xAOQIB2cjpu3tHf6M04oY3at_EF_1GHEDa5t9xg3u7qfTJI6PXmOQcSWhzXlsAABMmhRLgdJG5T3PKV0LBbEZFhfjLw.yw-F90Lew7699W-4Mhfb8y5dFFp8xRXLQx71EPmF1jY&dib_tag=se&keywords=clutches&qid=1747736306&sr=8-245,https://m.media-amazon.com/images/I/91m-ouLwFDL._AC_UL320_.jpg,₹648,"₹1,999"
YESSBENZA,https://www.amazon.in/YESSBENZA-Synthetics-Leather-Clutches-Handbags/dp/B0BKP2MFFF/ref=sr_1_246?dib=eyJ2IjoiMSJ9.tw3Rt6ks6fjLiSpqiJgAK-zByldWeii3Om-7zxDShOomuEBGnw45eWkWvCAJBOBKuZTN46Sb53Nq5k-WU2Y9f4viC8YcaTKBeV5yBHgULY4p4H3yEsm8Y73vo5OZFBsMYkV5L1NxOtKYR5eBiR5bP8xY1xRa51ci5emV3kwmduPqiLC2lN3ZUHLMOBFcJI_Q5WK89RDTDa06DJ31xAOQIB2cjpu3tHf6M04oY3at_EF_1GHEDa5t9xg3u7qfTJI6PXmOQcSWhzXlsAABMmhRLgdJG5T3PKV0LBbEZFhfjLw.yw-F90Lew7699W-4Mhfb8y5dFFp8xRXLQx71EPmF1jY&dib_tag=se&keywords=clutches&qid=1747736306&sr=8-246,https://m.media-amazon.com/images/I/71Fj0UB+4iL._AC_UL320_.jpg,₹449,"₹2,099"
ADISA,https://www.amazon.in/ADISA-textured-formal-clutch-CL104-GOLD/dp/B0D649CW9N/ref=sr_1_247?dib=eyJ2IjoiMSJ9.tw3Rt6ks6fjLiSpqiJgAK-zByldWeii3Om-7zxDShOomuEBGnw45eWkWvCAJBOBKuZTN46Sb53Nq5k-WU2Y9f4viC8YcaTKBeV5yBHgULY4p4H3yEsm8Y73vo5OZFBsMYkV5L1NxOtKYR5eBiR5bP8xY1xRa51ci5emV3kwmduPqiLC2lN3ZUHLMOBFcJI_Q5WK89RDTDa06DJ31xAOQIB2cjpu3tHf6M04oY3at_EF_1GHEDa5t9xg3u7qfTJI6PXmOQcSWhzXlsAABMmhRLgdJG5T3PKV0LBbEZFhfjLw.yw-F90Lew7699W-4Mhfb8y5dFFp8xRXLQx71EPmF1jY&dib_tag=se&keywords=clutches&qid=1747736306&sr=8-247,https://m.media-amazon.com/images/I/51bncjq4tXL._AC_UL320_.jpg,₹498,"₹1,499"
Fashion OVERSEAS,https://www.amazon.in/Fashion-OVERSEAS-Beaded-formal-clutch/dp/B0D7QHW8TS/ref=sr_1_248?dib=eyJ2IjoiMSJ9.tw3Rt6ks6fjLiSpqiJgAK-zByldWeii3Om-7zxDShOomuEBGnw45eWkWvCAJBOBKuZTN46Sb53Nq5k-WU2Y9f4viC8YcaTKBeV5yBHgULY4p4H3yEsm8Y73vo5OZFBsMYkV5L1NxOtKYR5eBiR5bP8xY1xRa51ci5emV3kwmduPqiLC2lN3ZUHLMOBFcJI_Q5WK89RDTDa06DJ31xAOQIB2cjpu3tHf6M04oY3at_EF_1GHEDa5t9xg3u7qfTJI6PXmOQcSWhzXlsAABMmhRLgdJG5T3PKV0LBbEZFhfjLw.yw-F90Lew7699W-4Mhfb8y5dFFp8xRXLQx71EPmF1jY&dib_tag=se&keywords=clutches&qid=1747736306&sr=8-248,https://m.media-amazon.com/images/I/71M18k6gqFL._AC_UL320_.jpg,₹740,"₹1,599"
INOVERA (LABEL),https://www.amazon.in/sspa/click?ie=UTF8&spc=MTo2Nzc0NzkyNTE4MDE5ODg6MTc0NzczNjMwNzpzcF9idGY6MzAwNDc2NDY0NjcxMjMyOjowOjo&url=%2FINOVERA-LABEL-Clutches-Women-Girls%2Fdp%2FB0DTJ1NDHK%2Fref%3Dsr_1_249_sspa%3Fdib%3DeyJ2IjoiMSJ9.tw3Rt6ks6fjLiSpqiJgAK-zByldWeii3Om-7zxDShOomuEBGnw45eWkWvCAJBOBKuZTN46Sb53Nq5k-WU2Y9f4viC8YcaTKBeV5yBHgULY4p4H3yEsm8Y73vo5OZFBsMYkV5L1NxOtKYR5eBiR5bP8xY1xRa51ci5emV3kwmduPqiLC2lN3ZUHLMOBFcJI_Q5WK89RDTDa06DJ31xAOQIB2cjpu3tHf6M04oY3at_EF_1GHEDa5t9xg3u7qfTJI6PXmOQcSWhzXlsAABMmhRLgdJG5T3PKV0LBbEZFhfjLw.yw-F90Lew7699W-4Mhfb8y5dFFp8xRXLQx71EPmF1jY%26dib_tag%3Dse%26keywords%3Dclutches%26qid%3D1747736306%26sr%3D8-249-spons%26sp_csd%3Dd2lkZ2V0TmFtZT1zcF9idGY%26psc%3D1,https://m.media-amazon.com/images/I/81LVQyX5IxL._AC_UL320_.jpg,₹949,"₹1,999"
INOVERA (LABEL),https://www.amazon.in/sspa/click?ie=UTF8&spc=MTo2Nzc0NzkyNTE4MDE5ODg6MTc0NzczNjMwNzpzcF9idGY6MzAwMjM3MjA5OTA1NjMyOjowOjo&url=%2FINOVERA-LABEL-Evening-Clutch-Wedding%2Fdp%2FB0D87DYFD3%2Fref%3Dsr_1_250_sspa%3Fdib%3DeyJ2IjoiMSJ9.tw3Rt6ks6fjLiSpqiJgAK-zByldWeii3Om-7zxDShOomuEBGnw45eWkWvCAJBOBKuZTN46Sb53Nq5k-WU2Y9f4viC8YcaTKBeV5yBHgULY4p4H3yEsm8Y73vo5OZFBsMYkV5L1NxOtKYR5eBiR5bP8xY1xRa51ci5emV3kwmduPqiLC2lN3ZUHLMOBFcJI_Q5WK89RDTDa06DJ31xAOQIB2cjpu3tHf6M04oY3at_EF_1GHEDa5t9xg3u7qfTJI6PXmOQcSWhzXlsAABMmhRLgdJG5T3PKV0LBbEZFhfjLw.yw-F90Lew7699W-4Mhfb8y5dFFp8xRXLQx71EPmF1jY%26dib_tag%3Dse%26keywords%3Dclutches%26qid%3D1747736306%26sr%3D8-250-spons%26sp_csd%3Dd2lkZ2V0TmFtZT1zcF9idGY%26psc%3D1,https://m.media-amazon.com/images/I/61F-SyaDVpL._AC_UL320_.jpg,₹949,"₹1,999"
New Style Handicraft,https://www.amazon.in/sspa/click?ie=UTF8&spc=MTo2Nzc0NzkyNTE4MDE5ODg6MTc0NzczNjMwNzpzcF9idGY6MzAwNTY2MjcyODc3OTMyOjowOjo&url=%2FNew-Style-Handicraft-Elegant-Embellishments%2Fdp%2FB0DZCZNGQZ%2Fref%3Dsr_1_251_sspa%3Fdib%3DeyJ2IjoiMSJ9.tw3Rt6ks6fjLiSpqiJgAK-zByldWeii3Om-7zxDShOomuEBGnw45eWkWvCAJBOBKuZTN46Sb53Nq5k-WU2Y9f4viC8YcaTKBeV5yBHgULY4p4H3yEsm8Y73vo5OZFBsMYkV5L1NxOtKYR5eBiR5bP8xY1xRa51ci5emV3kwmduPqiLC2lN3ZUHLMOBFcJI_Q5WK89RDTDa06DJ31xAOQIB2cjpu3tHf6M04oY3at_EF_1GHEDa5t9xg3u7qfTJI6PXmOQcSWhzXlsAABMmhRLgdJG5T3PKV0LBbEZFhfjLw.yw-F90Lew7699W-4Mhfb8y5dFFp8xRXLQx71EPmF1jY%26dib_tag%3Dse%26keywords%3Dclutches%26qid%3D1747736306%26sr%3D8-251-spons%26sp_csd%3Dd2lkZ2V0TmFtZT1zcF9idGY%26psc%3D1,https://m.media-amazon.com/images/I/41GW2DUqmKL._AC_UL320_.jpg,"₹1,223.04","₹1,499"
New Style Handicraft,https://www.amazon.in/sspa/click?ie=UTF8&spc=MTo2Nzc0NzkyNTE4MDE5ODg6MTc0NzczNjMwNzpzcF9idGY6MzAwNTY2MjcyODc3NzMyOjowOjo&url=%2FNew-Style-Handicraft-Evening-Embellishments%2Fdp%2FB0DZD2WYM2%2Fref%3Dsr_1_252_sspa%3Fdib%3DeyJ2IjoiMSJ9.tw3Rt6ks6fjLiSpqiJgAK-zByldWeii3Om-7zxDShOomuEBGnw45eWkWvCAJBOBKuZTN46Sb53Nq5k-WU2Y9f4viC8YcaTKBeV5yBHgULY4p4H3yEsm8Y73vo5OZFBsMYkV5L1NxOtKYR5eBiR5bP8xY1xRa51ci5emV3kwmduPqiLC2lN3ZUHLMOBFcJI_Q5WK89RDTDa06DJ31xAOQIB2cjpu3tHf6M04oY3at_EF_1GHEDa5t9xg3u7qfTJI6PXmOQcSWhzXlsAABMmhRLgdJG5T3PKV0LBbEZFhfjLw.yw-F90Lew7699W-4Mhfb8y5dFFp8xRXLQx71EPmF1jY%26dib_tag%3Dse%26keywords%3Dclutches%26qid%3D1747736306%26sr%3D8-252-spons%26sp_csd%3Dd2lkZ2V0TmFtZT1zcF9idGY%26psc%3D1,https://m.media-amazon.com/images/I/41jGS6YVX9L._AC_UL320_.jpg,"₹1,223.04","₹1,499"
